# x, y
1.000000000000000048e-04 5.078174218750000080e+00 1.674666666666666984e-10
1.000000000000000048e-04 7.656273437500000334e+00 1.674666666666666984e-10
1.000000000000000048e-04 8.828136718750000611e+00 1.674666666666666984e-10
1.000000000000000048e-04 5.156298437500000276e+00 1.674666666666666984e-10
1.000000000000000048e-04 7.734397656249999642e+00 1.674666666666666984e-10
1.000000000000000048e-04 3.750062500000000298e+00 1.674666666666666984e-10
1.000000000000000048e-04 2.734447656250000414e+00 1.674666666666666984e-10
1.000000000000000048e-04 2.265702343750000125e+00 1.674666666666666984e-10
1.000000000000000048e-04 4.843801562499999491e+00 1.674666666666666984e-10
1.000000000000000048e-04 1.718832812500000085e+00 1.674666666666666984e-10
1.000000000000000048e-04 2.578199218750000465e+00 1.674666666666666984e-10
1.000000000000000048e-04 4.765677343750000183e+00 1.674666666666666984e-10
1.000000000000000048e-04 8.515639843749999827e+00 1.674666666666666984e-10
1.000000000000000048e-04 4.453180468750000287e+00 1.674666666666666984e-10
1.000000000000000048e-04 5.781292187500000068e+00 1.674666666666666984e-10
1.000000000000000048e-04 3.125068750000000062e+00 1.674666666666666984e-10
1.000000000000000048e-04 6.875031250000000149e+00 1.674666666666666984e-10
1.000000000000000048e-04 7.813421874999999517e-01 1.674666666666666984e-10
1.000000000000000048e-04 5.937540624999999572e+00 1.674666666666666984e-10
1.000000000000000048e-04 1.640708593750000110e+00 1.674666666666666984e-10
1.000000000000000048e-04 6.328161718749999665e+00 1.674666666666666984e-10
1.000000000000000048e-04 9.843751562499999608e+00 1.674666666666666984e-10
1.000000000000000048e-04 1.953205468750000007e+00 1.674666666666666984e-10
1.000000000000000048e-04 6.718782812499999757e+00 1.674666666666666984e-10
1.000000000000000048e-04 3.515689843750000154e+00 1.674666666666666984e-10
1.000000000000000048e-04 8.750012500000000415e+00 1.674666666666666984e-10
1.000000000000000048e-04 1.093839062500000070e+00 1.674666666666666984e-10
1.000000000000000048e-04 8.203142968750000819e+00 1.674666666666666984e-10
1.000000000000000048e-04 5.000049999999999883e+00 1.674666666666666984e-10
1.000000000000000048e-04 1.875081250000000033e+00 1.674666666666666984e-10
1.000000000000000048e-04 1.563484374999999926e-01 1.674666666666666984e-10
1.000000000000000048e-04 6.953155468750000345e+00 1.674666666666666984e-10
1.000000000000000048e-04 4.687553124999999987e+00 1.674666666666666984e-10
1.000000000000000048e-04 7.031279687499999653e+00 1.674666666666666984e-10
1.000000000000000048e-04 3.906310937500000247e+00 1.674666666666666984e-10
1.000000000000000048e-04 8.906260937500000807e+00 1.674666666666666984e-10
1.000000000000000048e-04 9.453130468750000404e+00 1.674666666666666984e-10
1.000000000000000048e-04 8.437515624999999631e+00 1.674666666666666984e-10
1.000000000000000048e-04 8.593764062500000023e+00 1.674666666666666984e-10
1.000000000000000048e-04 9.765627343749999412e+00 1.674666666666666984e-10
1.000000000000000048e-04 9.062509374999999423e+00 1.674666666666666984e-10
1.000000000000000048e-04 2.031329687500000425e+00 1.674666666666666984e-10
1.000000000000000048e-04 2.187578125000000373e+00 1.674666666666666984e-10
1.000000000000000048e-04 7.187528125000000045e+00 1.674666666666666984e-10
1.000000000000000048e-04 7.812521874999999838e+00 1.674666666666666984e-10
1.000000000000000048e-04 4.062559375000000195e+00 1.674666666666666984e-10
1.000000000000000048e-04 3.437565625000000402e+00 1.674666666666666984e-10
1.000000000000000048e-04 9.140633593749999619e+00 1.674666666666666984e-10
1.000000000000000048e-04 9.218757812499999815e+00 1.674666666666666984e-10
1.000000000000000048e-04 4.531304687499999595e+00 1.674666666666666984e-10
1.000000000000000048e-04 5.078174218750000080e+00 1.674666666666666984e-10
1.000000000000000048e-04 7.656273437500000334e+00 1.674666666666666984e-10
1.000000000000000048e-04 8.828136718750000611e+00 1.674666666666666984e-10
1.000000000000000048e-04 5.156298437500000276e+00 1.674666666666666984e-10
1.000000000000000048e-04 7.734397656249999642e+00 1.674666666666666984e-10
1.000000000000000048e-04 3.750062500000000298e+00 1.674666666666666984e-10
1.000000000000000048e-04 2.734447656250000414e+00 1.674666666666666984e-10
1.000000000000000048e-04 2.265702343750000125e+00 1.674666666666666984e-10
1.000000000000000048e-04 4.843801562499999491e+00 1.674666666666666984e-10
1.000000000000000048e-04 1.718832812500000085e+00 1.674666666666666984e-10
1.000000000000000048e-04 2.578199218750000465e+00 1.674666666666666984e-10
1.000000000000000048e-04 4.765677343750000183e+00 1.674666666666666984e-10
1.000000000000000048e-04 8.515639843749999827e+00 1.674666666666666984e-10
1.000000000000000048e-04 4.453180468750000287e+00 1.674666666666666984e-10
1.000000000000000048e-04 5.781292187500000068e+00 1.674666666666666984e-10
1.000000000000000048e-04 3.125068750000000062e+00 1.674666666666666984e-10
1.000000000000000048e-04 6.875031250000000149e+00 1.674666666666666984e-10
1.000000000000000048e-04 7.813421874999999517e-01 1.674666666666666984e-10
1.000000000000000048e-04 5.937540624999999572e+00 1.674666666666666984e-10
1.000000000000000048e-04 1.640708593750000110e+00 1.674666666666666984e-10
1.000000000000000048e-04 6.328161718749999665e+00 1.674666666666666984e-10
1.000000000000000048e-04 9.843751562499999608e+00 1.674666666666666984e-10
1.000000000000000048e-04 1.953205468750000007e+00 1.674666666666666984e-10
1.000000000000000048e-04 6.718782812499999757e+00 1.674666666666666984e-10
1.000000000000000048e-04 3.515689843750000154e+00 1.674666666666666984e-10
1.000000000000000048e-04 8.750012500000000415e+00 1.674666666666666984e-10
1.000000000000000048e-04 1.093839062500000070e+00 1.674666666666666984e-10
1.000000000000000048e-04 8.203142968750000819e+00 1.674666666666666984e-10
1.000000000000000048e-04 5.000049999999999883e+00 1.674666666666666984e-10
1.000000000000000048e-04 1.875081250000000033e+00 1.674666666666666984e-10
1.000000000000000048e-04 1.563484374999999926e-01 1.674666666666666984e-10
1.000000000000000048e-04 6.953155468750000345e+00 1.674666666666666984e-10
1.000000000000000048e-04 4.687553124999999987e+00 1.674666666666666984e-10
1.000000000000000048e-04 7.031279687499999653e+00 1.674666666666666984e-10
1.000000000000000048e-04 3.906310937500000247e+00 1.674666666666666984e-10
1.000000000000000048e-04 8.906260937500000807e+00 1.674666666666666984e-10
1.000000000000000048e-04 9.453130468750000404e+00 1.674666666666666984e-10
1.000000000000000048e-04 8.437515624999999631e+00 1.674666666666666984e-10
1.000000000000000048e-04 8.593764062500000023e+00 1.674666666666666984e-10
1.000000000000000048e-04 9.765627343749999412e+00 1.674666666666666984e-10
1.000000000000000048e-04 9.062509374999999423e+00 1.674666666666666984e-10
1.000000000000000048e-04 2.031329687500000425e+00 1.674666666666666984e-10
1.000000000000000048e-04 2.187578125000000373e+00 1.674666666666666984e-10
1.000000000000000048e-04 7.187528125000000045e+00 1.674666666666666984e-10
1.000000000000000048e-04 7.812521874999999838e+00 1.674666666666666984e-10
1.000000000000000048e-04 4.062559375000000195e+00 1.674666666666666984e-10
1.000000000000000048e-04 3.437565625000000402e+00 1.674666666666666984e-10
1.000000000000000048e-04 9.140633593749999619e+00 1.674666666666666984e-10
1.000000000000000048e-04 9.218757812499999815e+00 1.674666666666666984e-10
1.000000000000000048e-04 4.531304687499999595e+00 1.674666666666666984e-10
5.000499999999999945e-01 1.000000000000000048e-04 2.093961396135426156e+01
2.500749999999999917e-01 1.000000000000000048e-04 2.619022373237316792e+00
7.500249999999999417e-01 1.000000000000000048e-04 7.065706523550259988e+01
1.250874999999999904e-01 1.000000000000000048e-04 3.277706892580227738e-01
6.250375000000000236e-01 1.000000000000000048e-04 4.089277648323799497e+01
3.750624999999999654e-01 1.000000000000000048e-04 8.835666360978382983e+00
8.750124999999999709e-01 1.000000000000000048e-04 1.121943915270211534e+02
6.259375000000000355e-02 1.000000000000000048e-04 4.106967715621745452e-02
5.625437500000000091e-01 1.000000000000000048e-04 2.981242390030308798e+01
3.125687500000000063e-01 1.000000000000000048e-04 5.114050872333064213e+00
8.125187499999999563e-01 1.000000000000000048e-04 8.983147923205056884e+01
1.875812499999999772e-01 1.000000000000000048e-04 1.105341950082012303e+00
6.875312500000000382e-01 1.000000000000000048e-04 5.442591062376813937e+01
4.375562499999999799e-01 1.000000000000000048e-04 1.402910775278240685e+01
9.375062499999999854e-01 1.000000000000000048e-04 1.379910410340234819e+02
3.134687500000000321e-02 1.000000000000000048e-04 5.158353873280828797e-03
5.312968750000000018e-01 1.000000000000000048e-04 2.511540353243098878e+01
2.813218749999999990e-01 1.000000000000000048e-04 3.728540681192064277e+00
7.812718749999999490e-01 1.000000000000000048e-04 7.986103737857432350e+01
1.563343749999999976e-01 1.000000000000000048e-04 6.398701064791740833e-01
6.562843750000000309e-01 1.000000000000000048e-04 4.733741842670309552e+01
4.063093749999999726e-01 1.000000000000000048e-04 1.123308138688498836e+01
9.062593749999999782e-01 1.000000000000000048e-04 1.246481716969177711e+02
9.384062499999999696e-02 1.000000000000000048e-04 1.383888342174177111e-01
5.937906250000000163e-01 1.000000000000000048e-04 3.506132992917171265e+01
3.438156250000000136e-01 1.000000000000000048e-04 6.806207810861457652e+00
8.437656249999999636e-01 1.000000000000000048e-04 1.005990456601324610e+02
2.188281249999999845e-01 1.000000000000000048e-04 1.754841084267679374e+00
7.187781250000000455e-01 1.000000000000000048e-04 6.218890793863427291e+01
4.688031249999999872e-01 1.000000000000000048e-04 1.725440032287178838e+01
9.687531249999999927e-01 1.000000000000000048e-04 1.522536544025393823e+02
1.572343749999999957e-02 1.000000000000000048e-04 6.509848358047647674e-04
5.156734374999999426e-01 1.000000000000000048e-04 2.296427082630576422e+01
2.656984374999999954e-01 1.000000000000000048e-04 3.141198470828979961e+00
7.656484375000000009e-01 1.000000000000000048e-04 7.516515852225047922e+01
1.407109374999999940e-01 1.000000000000000048e-04 4.665647735834588805e-01
6.406609374999999718e-01 1.000000000000000048e-04 4.403653210228311821e+01
3.906859374999999690e-01 1.000000000000000048e-04 9.986463385445404128e+00
8.906359375000000300e-01 1.000000000000000048e-04 1.183120613950809172e+02
7.821718750000000719e-02 1.000000000000000048e-04 8.013734745196332554e-02
5.781671874999999572e-01 1.000000000000000048e-04 3.236597527810025099e+01
3.281921875000000099e-01 1.000000000000000048e-04 5.919882569161265984e+00
8.281421875000000155e-01 1.000000000000000048e-04 9.511370594525325828e+01
2.032046874999999808e-01 1.000000000000000048e-04 1.405172176839420972e+00
7.031546874999999863e-01 1.000000000000000048e-04 5.822118021246348718e+01
4.531796874999999836e-01 1.000000000000000048e-04 1.558617983329052947e+01
9.531296875000000446e-01 1.000000000000000048e-04 1.450054637853426129e+02
4.697031249999999991e-02 1.000000000000000048e-04 1.735396530503750465e-02
5.469203124999999499e-01 1.000000000000000048e-04 2.739684393775503324e+01
2.969453125000000027e-01 1.000000000000000048e-04 4.384880862351711706e+00
7.968953125000000082e-01 1.000000000000000048e-04 8.474853366249932662e+01
1.719578125000000013e-01 1.000000000000000048e-04 8.515185459703111803e-01
6.719078124999999790e-01 1.000000000000000048e-04 5.079926731452304267e+01
4.219328124999999763e-01 1.000000000000000048e-04 1.257935222332227276e+01
9.218828125000000373e-01 1.000000000000000048e-04 1.312065542905569373e+02
1.094640625000000006e-01 1.000000000000000048e-04 2.196559954777233814e-01
6.094140624999999645e-01 1.000000000000000048e-04 3.790231971154257451e+01
3.594390625000000172e-01 1.000000000000000048e-04 7.776858455458784292e+00
8.593890625000000227e-01 1.000000000000000048e-04 1.062913302347134135e+02
2.344515624999999881e-01 1.000000000000000048e-04 2.158180530391930141e+00
7.344015624999999936e-01 1.000000000000000048e-04 6.633292566030557680e+01
4.844265624999999909e-01 1.000000000000000048e-04 1.903760107955131886e+01
9.843765625000000519e-01 1.000000000000000048e-04 1.597394447436390408e+02
7.911718749999999481e-03 1.000000000000000048e-04 8.293558206488594589e-05
5.078617187499999686e-01 1.000000000000000048e-04 2.193637240480987316e+01
2.578867187499999658e-01 1.000000000000000048e-04 2.872204149063291467e+00
7.578367187500000268e-01 1.000000000000000048e-04 7.288787817380612921e+01
1.328992187499999922e-01 1.000000000000000048e-04 3.930933164760274101e-01
6.328492187499999977e-01 1.000000000000000048e-04 4.244525244571527622e+01
3.828742187499999949e-01 1.000000000000000048e-04 9.399326742216896236e+00
8.828242187499999449e-01 1.000000000000000048e-04 1.152261608979554239e+02
7.040546875000000537e-02 1.000000000000000048e-04 5.844502637194823325e-02
5.703554687499999831e-01 1.000000000000000048e-04 3.107171367116895411e+01
3.203804687499999804e-01 1.000000000000000048e-04 5.507144518764735430e+00
8.203304687500000414e-01 1.000000000000000048e-04 9.244744295456894179e+01
1.953929687499999790e-01 1.000000000000000048e-04 1.249266719503431711e+00
6.953429687500000123e-01 1.000000000000000048e-04 5.630222764205795727e+01
4.453679687500000095e-01 1.000000000000000048e-04 1.479398973302890141e+01
9.453179687499999595e-01 1.000000000000000048e-04 1.414692709175748746e+02
3.915859375000000503e-02 1.000000000000000048e-04 1.005563816330267563e-02
5.391085937499999758e-01 1.000000000000000048e-04 2.623959578156658523e+01
2.891335937499999731e-01 1.000000000000000048e-04 4.047846534295744370e+00
7.890835937500000341e-01 1.000000000000000048e-04 8.228059385096013045e+01
1.641460937499999995e-01 1.000000000000000048e-04 7.406619467737436402e-01
6.640960937500000050e-01 1.000000000000000048e-04 4.904798305906150091e+01
4.141210937500000022e-01 1.000000000000000048e-04 1.189352070960234720e+01
9.140710937499999522e-01 1.000000000000000048e-04 1.278993394661354870e+02
1.016523437499999988e-01 1.000000000000000048e-04 1.759059644091427732e-01
6.016023437499999904e-01 1.000000000000000048e-04 3.646338093781814393e+01
3.516273437499999877e-01 1.000000000000000048e-04 7.280752966671406590e+00
8.515773437500000487e-01 1.000000000000000048e-04 1.034190803488336741e+02
2.266398437499999863e-01 1.000000000000000048e-04 1.949562498866234339e+00
7.265898437500000195e-01 1.000000000000000048e-04 6.423864105890578458e+01
4.766148437500000168e-01 1.000000000000000048e-04 1.813138867669769994e+01
9.765648437499999668e-01 1.000000000000000048e-04 1.559666101164747545e+02
2.353515624999999792e-02 1.000000000000000048e-04 2.183130181829134354e-03
5.234851562500000277e-01 1.000000000000000048e-04 2.402378820809509818e+01
2.735101562499999694e-01 1.000000000000000048e-04 3.426484320787522186e+00
7.734601562499999750e-01 1.000000000000000048e-04 7.748938526308883468e+01
1.485226562499999958e-01 1.000000000000000048e-04 5.486640428334601527e-01
1.000000000000000000e+00 0.000000000000000000e+00 1.674666666666666401e+02
1.000000000000000000e+00 1.000000000000000056e-01 1.674666666666666401e+02
1.000000000000000000e+00 2.000000000000000111e-01 1.674666666666666401e+02
1.000000000000000000e+00 2.999999999999999889e-01 1.674666666666666401e+02
1.000000000000000000e+00 4.000000000000000222e-01 1.674666666666666401e+02
1.000000000000000000e+00 5.000000000000000000e-01 1.674666666666666401e+02
1.000000000000000000e+00 5.999999999999999778e-01 1.674666666666666401e+02
1.000000000000000000e+00 6.999999999999999556e-01 1.674666666666666401e+02
1.000000000000000000e+00 8.000000000000000444e-01 1.674666666666666401e+02
1.000000000000000000e+00 9.000000000000000222e-01 1.674666666666666401e+02
1.000000000000000000e+00 1.000000000000000000e+00 1.674666666666666401e+02
1.000000000000000000e+00 1.100000000000000089e+00 1.674666666666666401e+02
1.000000000000000000e+00 1.199999999999999956e+00 1.674666666666666401e+02
1.000000000000000000e+00 1.300000000000000044e+00 1.674666666666666401e+02
1.000000000000000000e+00 1.399999999999999911e+00 1.674666666666666401e+02
1.000000000000000000e+00 1.500000000000000000e+00 1.674666666666666401e+02
1.000000000000000000e+00 1.600000000000000089e+00 1.674666666666666401e+02
1.000000000000000000e+00 1.699999999999999956e+00 1.674666666666666401e+02
1.000000000000000000e+00 1.800000000000000044e+00 1.674666666666666401e+02
1.000000000000000000e+00 1.899999999999999911e+00 1.674666666666666401e+02
1.000000000000000000e+00 2.000000000000000000e+00 1.674666666666666401e+02
1.000000000000000000e+00 2.100000000000000089e+00 1.674666666666666401e+02
1.000000000000000000e+00 2.200000000000000178e+00 1.674666666666666401e+02
1.000000000000000000e+00 2.299999999999999822e+00 1.674666666666666401e+02
1.000000000000000000e+00 2.399999999999999911e+00 1.674666666666666401e+02
1.000000000000000000e+00 2.500000000000000000e+00 1.674666666666666401e+02
1.000000000000000000e+00 2.600000000000000089e+00 1.674666666666666401e+02
1.000000000000000000e+00 2.700000000000000178e+00 1.674666666666666401e+02
1.000000000000000000e+00 2.799999999999999822e+00 1.674666666666666401e+02
1.000000000000000000e+00 2.899999999999999911e+00 1.674666666666666401e+02
1.000000000000000000e+00 3.000000000000000000e+00 1.674666666666666401e+02
1.000000000000000000e+00 3.100000000000000089e+00 1.674666666666666401e+02
1.000000000000000000e+00 3.200000000000000178e+00 1.674666666666666401e+02
1.000000000000000000e+00 3.299999999999999822e+00 1.674666666666666401e+02
1.000000000000000000e+00 3.399999999999999911e+00 1.674666666666666401e+02
1.000000000000000000e+00 3.500000000000000000e+00 1.674666666666666401e+02
1.000000000000000000e+00 3.600000000000000089e+00 1.674666666666666401e+02
1.000000000000000000e+00 3.700000000000000178e+00 1.674666666666666401e+02
1.000000000000000000e+00 3.799999999999999822e+00 1.674666666666666401e+02
1.000000000000000000e+00 3.899999999999999911e+00 1.674666666666666401e+02
1.000000000000000000e+00 4.000000000000000000e+00 1.674666666666666401e+02
1.000000000000000000e+00 4.099999999999999645e+00 1.674666666666666401e+02
1.000000000000000000e+00 4.200000000000000178e+00 1.674666666666666401e+02
1.000000000000000000e+00 4.299999999999999822e+00 1.674666666666666401e+02
1.000000000000000000e+00 4.400000000000000355e+00 1.674666666666666401e+02
1.000000000000000000e+00 4.500000000000000000e+00 1.674666666666666401e+02
1.000000000000000000e+00 4.599999999999999645e+00 1.674666666666666401e+02
1.000000000000000000e+00 4.700000000000000178e+00 1.674666666666666401e+02
1.000000000000000000e+00 4.799999999999999822e+00 1.674666666666666401e+02
1.000000000000000000e+00 4.900000000000000355e+00 1.674666666666666401e+02
1.000000000000000000e+00 5.000000000000000000e+00 1.674666666666666401e+02
1.000000000000000000e+00 5.099999999999999645e+00 1.674666666666666401e+02
1.000000000000000000e+00 5.200000000000000178e+00 1.674666666666666401e+02
1.000000000000000000e+00 5.299999999999999822e+00 1.674666666666666401e+02
1.000000000000000000e+00 5.400000000000000355e+00 1.674666666666666401e+02
1.000000000000000000e+00 5.500000000000000000e+00 1.674666666666666401e+02
1.000000000000000000e+00 5.599999999999999645e+00 1.674666666666666401e+02
1.000000000000000000e+00 5.700000000000000178e+00 1.674666666666666401e+02
1.000000000000000000e+00 5.799999999999999822e+00 1.674666666666666401e+02
1.000000000000000000e+00 5.900000000000000355e+00 1.674666666666666401e+02
1.000000000000000000e+00 6.000000000000000000e+00 1.674666666666666401e+02
1.000000000000000000e+00 6.099999999999999645e+00 1.674666666666666401e+02
1.000000000000000000e+00 6.200000000000000178e+00 1.674666666666666401e+02
1.000000000000000000e+00 6.299999999999999822e+00 1.674666666666666401e+02
1.000000000000000000e+00 6.400000000000000355e+00 1.674666666666666401e+02
1.000000000000000000e+00 6.500000000000000000e+00 1.674666666666666401e+02
1.000000000000000000e+00 6.599999999999999645e+00 1.674666666666666401e+02
1.000000000000000000e+00 6.700000000000000178e+00 1.674666666666666401e+02
1.000000000000000000e+00 6.799999999999999822e+00 1.674666666666666401e+02
1.000000000000000000e+00 6.900000000000000355e+00 1.674666666666666401e+02
1.000000000000000000e+00 7.000000000000000000e+00 1.674666666666666401e+02
1.000000000000000000e+00 7.099999999999999645e+00 1.674666666666666401e+02
1.000000000000000000e+00 7.200000000000000178e+00 1.674666666666666401e+02
1.000000000000000000e+00 7.299999999999999822e+00 1.674666666666666401e+02
1.000000000000000000e+00 7.400000000000000355e+00 1.674666666666666401e+02
1.000000000000000000e+00 7.500000000000000000e+00 1.674666666666666401e+02
1.000000000000000000e+00 7.599999999999999645e+00 1.674666666666666401e+02
1.000000000000000000e+00 7.700000000000000178e+00 1.674666666666666401e+02
1.000000000000000000e+00 7.799999999999999822e+00 1.674666666666666401e+02
1.000000000000000000e+00 7.900000000000000355e+00 1.674666666666666401e+02
1.000000000000000000e+00 8.000000000000000000e+00 1.674666666666666401e+02
1.000000000000000000e+00 8.099999999999999645e+00 1.674666666666666401e+02
1.000000000000000000e+00 8.199999999999999289e+00 1.674666666666666401e+02
1.000000000000000000e+00 8.300000000000000711e+00 1.674666666666666401e+02
1.000000000000000000e+00 8.400000000000000355e+00 1.674666666666666401e+02
1.000000000000000000e+00 8.500000000000000000e+00 1.674666666666666401e+02
1.000000000000000000e+00 8.599999999999999645e+00 1.674666666666666401e+02
1.000000000000000000e+00 8.699999999999999289e+00 1.674666666666666401e+02
1.000000000000000000e+00 8.800000000000000711e+00 1.674666666666666401e+02
1.000000000000000000e+00 8.900000000000000355e+00 1.674666666666666401e+02
1.000000000000000000e+00 9.000000000000000000e+00 1.674666666666666401e+02
1.000000000000000000e+00 9.099999999999999645e+00 1.674666666666666401e+02
1.000000000000000000e+00 9.199999999999999289e+00 1.674666666666666401e+02
1.000000000000000000e+00 9.300000000000000711e+00 1.674666666666666401e+02
1.000000000000000000e+00 9.400000000000000355e+00 1.674666666666666401e+02
1.000000000000000000e+00 9.500000000000000000e+00 1.674666666666666401e+02
1.000000000000000000e+00 9.599999999999999645e+00 1.674666666666666401e+02
1.000000000000000000e+00 9.699999999999999289e+00 1.674666666666666401e+02
1.000000000000000000e+00 9.800000000000000711e+00 1.674666666666666401e+02
1.000000000000000000e+00 9.900000000000000355e+00 1.674666666666666401e+02
1.000000000000000000e+00 1.000000000000000000e+01 1.674666666666666401e+02
5.000499999999999945e-01 1.000000000000000048e-04 2.093961396135426156e+01
2.500749999999999917e-01 1.000000000000000048e-04 2.619022373237316792e+00
7.500249999999999417e-01 1.000000000000000048e-04 7.065706523550259988e+01
1.250874999999999904e-01 1.000000000000000048e-04 3.277706892580227738e-01
6.250375000000000236e-01 1.000000000000000048e-04 4.089277648323799497e+01
3.750624999999999654e-01 1.000000000000000048e-04 8.835666360978382983e+00
8.750124999999999709e-01 1.000000000000000048e-04 1.121943915270211534e+02
6.259375000000000355e-02 1.000000000000000048e-04 4.106967715621745452e-02
5.625437500000000091e-01 1.000000000000000048e-04 2.981242390030308798e+01
3.125687500000000063e-01 1.000000000000000048e-04 5.114050872333064213e+00
8.125187499999999563e-01 1.000000000000000048e-04 8.983147923205056884e+01
1.875812499999999772e-01 1.000000000000000048e-04 1.105341950082012303e+00
6.875312500000000382e-01 1.000000000000000048e-04 5.442591062376813937e+01
4.375562499999999799e-01 1.000000000000000048e-04 1.402910775278240685e+01
9.375062499999999854e-01 1.000000000000000048e-04 1.379910410340234819e+02
3.134687500000000321e-02 1.000000000000000048e-04 5.158353873280828797e-03
5.312968750000000018e-01 1.000000000000000048e-04 2.511540353243098878e+01
2.813218749999999990e-01 1.000000000000000048e-04 3.728540681192064277e+00
7.812718749999999490e-01 1.000000000000000048e-04 7.986103737857432350e+01
1.563343749999999976e-01 1.000000000000000048e-04 6.398701064791740833e-01
6.562843750000000309e-01 1.000000000000000048e-04 4.733741842670309552e+01
4.063093749999999726e-01 1.000000000000000048e-04 1.123308138688498836e+01
9.062593749999999782e-01 1.000000000000000048e-04 1.246481716969177711e+02
9.384062499999999696e-02 1.000000000000000048e-04 1.383888342174177111e-01
5.937906250000000163e-01 1.000000000000000048e-04 3.506132992917171265e+01
3.438156250000000136e-01 1.000000000000000048e-04 6.806207810861457652e+00
8.437656249999999636e-01 1.000000000000000048e-04 1.005990456601324610e+02
2.188281249999999845e-01 1.000000000000000048e-04 1.754841084267679374e+00
7.187781250000000455e-01 1.000000000000000048e-04 6.218890793863427291e+01
4.688031249999999872e-01 1.000000000000000048e-04 1.725440032287178838e+01
9.687531249999999927e-01 1.000000000000000048e-04 1.522536544025393823e+02
1.572343749999999957e-02 1.000000000000000048e-04 6.509848358047647674e-04
5.156734374999999426e-01 1.000000000000000048e-04 2.296427082630576422e+01
2.656984374999999954e-01 1.000000000000000048e-04 3.141198470828979961e+00
7.656484375000000009e-01 1.000000000000000048e-04 7.516515852225047922e+01
1.407109374999999940e-01 1.000000000000000048e-04 4.665647735834588805e-01
6.406609374999999718e-01 1.000000000000000048e-04 4.403653210228311821e+01
3.906859374999999690e-01 1.000000000000000048e-04 9.986463385445404128e+00
8.906359375000000300e-01 1.000000000000000048e-04 1.183120613950809172e+02
7.821718750000000719e-02 1.000000000000000048e-04 8.013734745196332554e-02
5.781671874999999572e-01 1.000000000000000048e-04 3.236597527810025099e+01
3.281921875000000099e-01 1.000000000000000048e-04 5.919882569161265984e+00
8.281421875000000155e-01 1.000000000000000048e-04 9.511370594525325828e+01
2.032046874999999808e-01 1.000000000000000048e-04 1.405172176839420972e+00
7.031546874999999863e-01 1.000000000000000048e-04 5.822118021246348718e+01
4.531796874999999836e-01 1.000000000000000048e-04 1.558617983329052947e+01
9.531296875000000446e-01 1.000000000000000048e-04 1.450054637853426129e+02
4.697031249999999991e-02 1.000000000000000048e-04 1.735396530503750465e-02
5.469203124999999499e-01 1.000000000000000048e-04 2.739684393775503324e+01
2.969453125000000027e-01 1.000000000000000048e-04 4.384880862351711706e+00
7.968953125000000082e-01 1.000000000000000048e-04 8.474853366249932662e+01
1.719578125000000013e-01 1.000000000000000048e-04 8.515185459703111803e-01
6.719078124999999790e-01 1.000000000000000048e-04 5.079926731452304267e+01
4.219328124999999763e-01 1.000000000000000048e-04 1.257935222332227276e+01
9.218828125000000373e-01 1.000000000000000048e-04 1.312065542905569373e+02
1.094640625000000006e-01 1.000000000000000048e-04 2.196559954777233814e-01
6.094140624999999645e-01 1.000000000000000048e-04 3.790231971154257451e+01
3.594390625000000172e-01 1.000000000000000048e-04 7.776858455458784292e+00
8.593890625000000227e-01 1.000000000000000048e-04 1.062913302347134135e+02
2.344515624999999881e-01 1.000000000000000048e-04 2.158180530391930141e+00
7.344015624999999936e-01 1.000000000000000048e-04 6.633292566030557680e+01
4.844265624999999909e-01 1.000000000000000048e-04 1.903760107955131886e+01
9.843765625000000519e-01 1.000000000000000048e-04 1.597394447436390408e+02
7.911718749999999481e-03 1.000000000000000048e-04 8.293558206488594589e-05
5.078617187499999686e-01 1.000000000000000048e-04 2.193637240480987316e+01
2.578867187499999658e-01 1.000000000000000048e-04 2.872204149063291467e+00
7.578367187500000268e-01 1.000000000000000048e-04 7.288787817380612921e+01
1.328992187499999922e-01 1.000000000000000048e-04 3.930933164760274101e-01
6.328492187499999977e-01 1.000000000000000048e-04 4.244525244571527622e+01
3.828742187499999949e-01 1.000000000000000048e-04 9.399326742216896236e+00
8.828242187499999449e-01 1.000000000000000048e-04 1.152261608979554239e+02
7.040546875000000537e-02 1.000000000000000048e-04 5.844502637194823325e-02
5.703554687499999831e-01 1.000000000000000048e-04 3.107171367116895411e+01
3.203804687499999804e-01 1.000000000000000048e-04 5.507144518764735430e+00
8.203304687500000414e-01 1.000000000000000048e-04 9.244744295456894179e+01
1.953929687499999790e-01 1.000000000000000048e-04 1.249266719503431711e+00
6.953429687500000123e-01 1.000000000000000048e-04 5.630222764205795727e+01
4.453679687500000095e-01 1.000000000000000048e-04 1.479398973302890141e+01
9.453179687499999595e-01 1.000000000000000048e-04 1.414692709175748746e+02
3.915859375000000503e-02 1.000000000000000048e-04 1.005563816330267563e-02
5.391085937499999758e-01 1.000000000000000048e-04 2.623959578156658523e+01
2.891335937499999731e-01 1.000000000000000048e-04 4.047846534295744370e+00
7.890835937500000341e-01 1.000000000000000048e-04 8.228059385096013045e+01
1.641460937499999995e-01 1.000000000000000048e-04 7.406619467737436402e-01
6.640960937500000050e-01 1.000000000000000048e-04 4.904798305906150091e+01
4.141210937500000022e-01 1.000000000000000048e-04 1.189352070960234720e+01
9.140710937499999522e-01 1.000000000000000048e-04 1.278993394661354870e+02
1.016523437499999988e-01 1.000000000000000048e-04 1.759059644091427732e-01
6.016023437499999904e-01 1.000000000000000048e-04 3.646338093781814393e+01
3.516273437499999877e-01 1.000000000000000048e-04 7.280752966671406590e+00
8.515773437500000487e-01 1.000000000000000048e-04 1.034190803488336741e+02
2.266398437499999863e-01 1.000000000000000048e-04 1.949562498866234339e+00
7.265898437500000195e-01 1.000000000000000048e-04 6.423864105890578458e+01
4.766148437500000168e-01 1.000000000000000048e-04 1.813138867669769994e+01
9.765648437499999668e-01 1.000000000000000048e-04 1.559666101164747545e+02
2.353515624999999792e-02 1.000000000000000048e-04 2.183130181829134354e-03
5.234851562500000277e-01 1.000000000000000048e-04 2.402378820809509818e+01
2.735101562499999694e-01 1.000000000000000048e-04 3.426484320787522186e+00
7.734601562499999750e-01 1.000000000000000048e-04 7.748938526308883468e+01
1.485226562499999958e-01 1.000000000000000048e-04 5.486640428334601527e-01
1.000000000000000048e-04 5.078174218750000080e+00 1.674666666666666984e-10
1.000000000000000000e+00 3.203192968750000258e+00 1.674666666666666401e+02
1.000000000000000000e+00 6.093789062499999964e+00 1.674666666666666401e+02
1.000000000000000048e-04 7.656273437500000334e+00 1.674666666666666984e-10
1.000000000000000048e-04 8.828136718750000611e+00 1.674666666666666984e-10
1.000000000000000048e-04 5.156298437500000276e+00 1.674666666666666984e-10
1.000000000000000048e-04 7.734397656249999642e+00 1.674666666666666984e-10
1.000000000000000048e-04 3.750062500000000298e+00 1.674666666666666984e-10
1.000000000000000000e+00 6.015664843749999768e+00 1.674666666666666401e+02
1.000000000000000048e-04 2.734447656250000414e+00 1.674666666666666984e-10
1.000000000000000048e-04 2.265702343750000125e+00 1.674666666666666984e-10
1.000000000000000048e-04 4.843801562499999491e+00 1.674666666666666984e-10
1.000000000000000000e+00 1.328211718749999992e+00 1.674666666666666401e+02
1.000000000000000048e-04 1.718832812500000085e+00 1.674666666666666984e-10
1.000000000000000000e+00 7.265652343750000242e+00 1.674666666666666401e+02
1.000000000000000000e+00 2.500075000000000269e+00 1.674666666666666401e+02
1.000000000000000048e-04 2.578199218750000465e+00 1.674666666666666984e-10
1.000000000000000048e-04 4.765677343750000183e+00 1.674666666666666984e-10
1.000000000000000000e+00 2.968820312500000114e+00 1.674666666666666401e+02
1.000000000000000000e+00 3.828186718750000495e+00 1.674666666666666401e+02
1.000000000000000000e+00 2.890696093750000362e+00 1.674666666666666401e+02
1.000000000000000000e+00 5.234422656249999584e+00 1.674666666666666401e+02
1.000000000000000000e+00 5.625043749999999676e+00 1.674666666666666401e+02
1.000000000000000048e-04 8.515639843749999827e+00 1.674666666666666984e-10
1.000000000000000000e+00 5.390671093749999976e+00 1.674666666666666401e+02
1.000000000000000000e+00 3.593814062500000350e+00 1.674666666666666401e+02
1.000000000000000000e+00 7.578149218750000138e+00 1.674666666666666401e+02
1.000000000000000048e-04 4.453180468750000287e+00 1.674666666666666984e-10
1.000000000000000048e-04 5.781292187500000068e+00 1.674666666666666984e-10
1.000000000000000048e-04 3.125068750000000062e+00 1.674666666666666984e-10
1.000000000000000000e+00 9.375906250000000108e-01 1.674666666666666401e+02
1.000000000000000000e+00 6.640658593749999561e+00 1.674666666666666401e+02
1.000000000000000048e-04 6.875031250000000149e+00 1.674666666666666984e-10
1.000000000000000000e+00 2.656323437500000217e+00 1.674666666666666401e+02
1.000000000000000048e-04 7.813421874999999517e-01 1.674666666666666984e-10
1.000000000000000000e+00 4.140683593749999503e+00 1.674666666666666401e+02
1.000000000000000048e-04 5.937540624999999572e+00 1.674666666666666984e-10
1.000000000000000048e-04 1.640708593750000110e+00 1.674666666666666984e-10
1.000000000000000048e-04 6.328161718749999665e+00 1.674666666666666984e-10
1.000000000000000000e+00 8.125018750000000622e+00 1.674666666666666401e+02
1.000000000000000048e-04 9.843751562499999608e+00 1.674666666666666984e-10
1.000000000000000000e+00 1.562584374999999914e+00 1.674666666666666401e+02
1.000000000000000048e-04 1.953205468750000007e+00 1.674666666666666984e-10
1.000000000000000000e+00 9.687503124999999216e+00 1.674666666666666401e+02
1.000000000000000000e+00 3.281317187500000454e+00 1.674666666666666401e+02
1.000000000000000000e+00 9.375006250000000207e+00 1.674666666666666401e+02
1.000000000000000000e+00 6.250937500000000036e-01 1.674666666666666401e+02
1.000000000000000048e-04 6.718782812499999757e+00 1.674666666666666984e-10
1.000000000000000000e+00 5.703167968749999872e+00 1.674666666666666401e+02
1.000000000000000000e+00 2.343826562500000321e+00 1.674666666666666401e+02
1.000000000000000000e+00 6.562534375000000253e+00 1.674666666666666401e+02
1.000000000000000000e+00 5.312546874999999780e+00 1.674666666666666401e+02
1.000000000000000000e+00 5.468795312500000172e+00 1.674666666666666401e+02
1.000000000000000000e+00 6.250037499999999469e+00 1.674666666666666401e+02
1.000000000000000048e-04 3.515689843750000154e+00 1.674666666666666984e-10
1.000000000000000000e+00 7.032179687499999776e-01 1.674666666666666401e+02
1.000000000000000000e+00 1.406335937499999966e+00 1.674666666666666401e+02
1.000000000000000048e-04 8.750012500000000415e+00 1.674666666666666984e-10
1.000000000000000000e+00 3.907210937499999703e-01 1.674666666666666401e+02
1.000000000000000000e+00 1.250087500000000018e+00 1.674666666666666401e+02
1.000000000000000048e-04 1.093839062500000070e+00 1.674666666666666984e-10
1.000000000000000048e-04 8.203142968750000819e+00 1.674666666666666984e-10
1.000000000000000000e+00 4.688453124999999999e-01 1.674666666666666401e+02
1.000000000000000000e+00 3.125968749999999963e-01 1.674666666666666401e+02
1.000000000000000000e+00 7.343776562499999550e+00 1.674666666666666401e+02
1.000000000000000048e-04 5.000049999999999883e+00 1.674666666666666984e-10
1.000000000000000000e+00 4.218807812499999699e+00 1.674666666666666401e+02
1.000000000000000048e-04 1.875081250000000033e+00 1.674666666666666984e-10
1.000000000000000000e+00 6.406285937499999861e+00 1.674666666666666401e+02
1.000000000000000048e-04 1.563484374999999926e-01 1.674666666666666984e-10
1.000000000000000048e-04 6.953155468750000345e+00 1.674666666666666984e-10
1.000000000000000048e-04 4.687553124999999987e+00 1.674666666666666984e-10
1.000000000000000000e+00 7.968770312500000230e+00 1.674666666666666401e+02
1.000000000000000000e+00 7.890646093750000034e+00 1.674666666666666401e+02
1.000000000000000000e+00 7.500024999999999942e+00 1.674666666666666401e+02
1.000000000000000000e+00 2.344726562499999944e-01 1.674666666666666401e+02
1.000000000000000048e-04 7.031279687499999653e+00 1.674666666666666984e-10
1.000000000000000048e-04 3.906310937500000247e+00 1.674666666666666984e-10
1.000000000000000048e-04 8.906260937500000807e+00 1.674666666666666984e-10
1.000000000000000000e+00 9.531254687500000600e+00 1.674666666666666401e+02
1.000000000000000048e-04 9.453130468750000404e+00 1.674666666666666984e-10
1.000000000000000000e+00 2.812571875000000166e+00 1.674666666666666401e+02
1.000000000000000048e-04 8.437515624999999631e+00 1.674666666666666984e-10
1.000000000000000048e-04 8.593764062500000023e+00 1.674666666666666984e-10
1.000000000000000048e-04 9.765627343749999412e+00 1.674666666666666984e-10
1.000000000000000048e-04 9.062509374999999423e+00 1.674666666666666984e-10
1.000000000000000048e-04 2.031329687500000425e+00 1.674666666666666984e-10
1.000000000000000048e-04 2.187578125000000373e+00 1.674666666666666984e-10
1.000000000000000048e-04 7.187528125000000045e+00 1.674666666666666984e-10
1.000000000000000048e-04 7.812521874999999838e+00 1.674666666666666984e-10
1.000000000000000000e+00 8.281267187499999238e+00 1.674666666666666401e+02
1.000000000000000048e-04 4.062559375000000195e+00 1.674666666666666984e-10
1.000000000000000048e-04 3.437565625000000402e+00 1.674666666666666984e-10
1.000000000000000000e+00 7.822421875000000469e-02 1.674666666666666401e+02
1.000000000000000048e-04 9.140633593749999619e+00 1.674666666666666984e-10
1.000000000000000048e-04 9.218757812499999815e+00 1.674666666666666984e-10
1.000000000000000000e+00 1.015714843750000096e+00 1.674666666666666401e+02
1.000000000000000000e+00 4.375056250000000091e+00 1.674666666666666401e+02
1.000000000000000000e+00 1.484460156249999940e+00 1.674666666666666401e+02
1.000000000000000048e-04 4.531304687499999595e+00 1.674666666666666984e-10
5.000499999999999945e-01 1.258426966292134838e-02 2.093961396135426156e+01
2.500749999999999917e-01 2.506853932584269737e-02 2.619022373237316792e+00
7.500249999999999417e-01 3.755280898876404982e-02 7.065706523550259988e+01
1.250874999999999904e-01 5.003707865168539881e-02 3.277706892580227738e-01
6.250375000000000236e-01 6.252134831460673392e-02 4.089277648323799497e+01
3.750624999999999654e-01 7.500561797752809678e-02 8.835666360978382983e+00
8.750124999999999709e-01 8.748988764044944577e-02 1.121943915270211534e+02
6.259375000000000355e-02 9.997415730337079476e-02 4.106967715621745452e-02
5.625437500000000091e-01 1.124584269662921437e-01 2.981242390030308798e+01
3.125687500000000063e-01 1.249426966292134789e-01 5.114050872333064213e+00
8.125187499999999563e-01 1.374269662921348278e-01 8.983147923205056884e+01
1.875812499999999772e-01 1.499112359550561768e-01 1.105341950082012303e+00
6.875312500000000382e-01 1.623955056179775258e-01 5.442591062376813937e+01
4.375562499999999799e-01 1.748797752808988748e-01 1.402910775278240685e+01
9.375062499999999854e-01 1.873640449438202238e-01 1.379910410340234819e+02
3.134687500000000321e-02 1.998483146067415728e-01 5.158353873280828797e-03
5.312968750000000018e-01 2.123325842696629218e-01 2.511540353243098878e+01
2.813218749999999990e-01 2.248168539325842707e-01 3.728540681192064277e+00
7.812718749999999490e-01 2.373011235955055920e-01 7.986103737857432350e+01
1.563343749999999976e-01 2.497853932584269410e-01 6.398701064791740833e-01
6.562843750000000309e-01 2.622696629213483455e-01 4.733741842670309552e+01
4.063093749999999726e-01 2.747539325842696667e-01 1.123308138688498836e+01
9.062593749999999782e-01 2.872382022471909879e-01 1.246481716969177711e+02
9.384062499999999696e-02 2.997224719101123647e-01 1.383888342174177111e-01
5.937906250000000163e-01 3.122067415730336859e-01 3.506132992917171265e+01
3.438156250000000136e-01 3.246910112359550626e-01 6.806207810861457652e+00
8.437656249999999636e-01 3.371752808988763839e-01 1.005990456601324610e+02
2.188281249999999845e-01 3.496595505617977606e-01 1.754841084267679374e+00
7.187781250000000455e-01 3.621438202247190818e-01 6.218890793863427291e+01
4.688031249999999872e-01 3.746280898876404586e-01 1.725440032287178838e+01
9.687531249999999927e-01 3.871123595505617798e-01 1.522536544025393823e+02
1.572343749999999957e-02 3.995966292134831566e-01 6.509848358047647674e-04
5.156734374999999426e-01 4.120808988764045333e-01 2.296427082630576422e+01
2.656984374999999954e-01 4.245651685393258545e-01 3.141198470828979961e+00
7.656484375000000009e-01 4.370494382022472313e-01 7.516515852225047922e+01
1.407109374999999940e-01 4.495337078651685525e-01 4.665647735834588805e-01
6.406609374999999718e-01 4.620179775280899293e-01 4.403653210228311821e+01
3.906859374999999690e-01 4.745022471910111950e-01 9.986463385445404128e+00
8.906359375000000300e-01 4.869865168539325717e-01 1.183120613950809172e+02
7.821718750000000719e-02 4.994707865168538929e-01 8.013734745196332554e-02
5.781671874999999572e-01 5.119550561797753252e-01 3.236597527810025099e+01
3.281921875000000099e-01 5.244393258426967019e-01 5.919882569161265984e+00
8.281421875000000155e-01 5.369235955056179677e-01 9.511370594525325828e+01
2.032046874999999808e-01 5.494078651685393444e-01 1.405172176839420972e+00
7.031546874999999863e-01 5.618921348314606101e-01 5.822118021246348718e+01
4.531796874999999836e-01 5.743764044943819869e-01 1.558617983329052947e+01
9.531296875000000446e-01 5.868606741573033636e-01 1.450054637853426129e+02
4.697031249999999991e-02 5.993449438202247403e-01 1.735396530503750465e-02
5.469203124999999499e-01 6.118292134831461171e-01 2.739684393775503324e+01
2.969453125000000027e-01 6.243134831460673828e-01 4.384880862351711706e+00
7.968953125000000082e-01 6.367977528089887596e-01 8.474853366249932662e+01
1.719578125000000013e-01 6.492820224719101363e-01 8.515185459703111803e-01
6.719078124999999790e-01 6.617662921348314020e-01 5.079926731452304267e+01
4.219328124999999763e-01 6.742505617977527788e-01 1.257935222332227276e+01
9.218828125000000373e-01 6.867348314606741555e-01 1.312065542905569373e+02
1.094640625000000006e-01 6.992191011235955322e-01 2.196559954777233814e-01
6.094140624999999645e-01 7.117033707865169090e-01 3.790231971154257451e+01
3.594390625000000172e-01 7.241876404494381747e-01 7.776858455458784292e+00
8.593890625000000227e-01 7.366719101123595514e-01 1.062913302347134135e+02
2.344515624999999881e-01 7.491561797752809282e-01 2.158180530391930141e+00
7.344015624999999936e-01 7.616404494382023049e-01 6.633292566030557680e+01
4.844265624999999909e-01 7.741247191011235707e-01 1.903760107955131886e+01
9.843765625000000519e-01 7.866089887640449474e-01 1.597394447436390408e+02
7.911718749999999481e-03 7.990932584269663241e-01 8.293558206488594589e-05
5.078617187499999686e-01 8.115775280898877009e-01 2.193637240480987316e+01
2.578867187499999658e-01 8.240617977528090776e-01 2.872204149063291467e+00
7.578367187500000268e-01 8.365460674157303433e-01 7.288787817380612921e+01
1.328992187499999922e-01 8.490303370786517201e-01 3.930933164760274101e-01
6.328492187499999977e-01 8.615146067415730968e-01 4.244525244571527622e+01
3.828742187499999949e-01 8.739988764044944736e-01 9.399326742216896236e+00
8.828242187499999449e-01 8.864831460674157393e-01 1.152261608979554239e+02
7.040546875000000537e-02 8.989674157303371160e-01 5.844502637194823325e-02
5.703554687499999831e-01 9.114516853932584928e-01 3.107171367116895411e+01
3.203804687499999804e-01 9.239359550561798695e-01 5.507144518764735430e+00
8.203304687500000414e-01 9.364202247191012463e-01 9.244744295456894179e+01
1.953929687499999790e-01 9.489044943820224010e-01 1.249266719503431711e+00
6.953429687500000123e-01 9.613887640449437777e-01 5.630222764205795727e+01
4.453679687500000095e-01 9.738730337078651544e-01 1.479398973302890141e+01
9.453179687499999595e-01 9.863573033707865312e-01 1.414692709175748746e+02
3.915859375000000503e-02 9.988415730337077969e-01 1.005563816330267563e-02
5.391085937499999758e-01 1.011325842696629174e+00 2.623959578156658523e+01
2.891335937499999731e-01 1.023810112359550661e+00 4.047846534295744370e+00
7.890835937500000341e-01 1.036294382022471927e+00 8.228059385096013045e+01
1.641460937499999995e-01 1.048778651685393415e+00 7.406619467737436402e-01
6.640960937500000050e-01 1.061262921348314681e+00 4.904798305906150091e+01
4.141210937500000022e-01 1.073747191011235946e+00 1.189352070960234720e+01
9.140710937499999522e-01 1.086231460674157434e+00 1.278993394661354870e+02
1.016523437499999988e-01 1.098715730337078700e+00 1.759059644091427732e-01
6.016023437499999904e-01 1.111200000000000188e+00 3.646338093781814393e+01
3.516273437499999877e-01 1.123684269662921231e+00 7.280752966671406590e+00
8.515773437500000487e-01 1.136168539325842719e+00 1.034190803488336741e+02
2.266398437499999863e-01 1.148652808988763985e+00 1.949562498866234339e+00
7.265898437500000195e-01 1.161137078651685473e+00 6.423864105890578458e+01
4.766148437500000168e-01 1.173621348314606738e+00 1.813138867669769994e+01
9.765648437499999668e-01 1.186105617977528004e+00 1.559666101164747545e+02
2.353515624999999792e-02 1.198589887640449492e+00 2.183130181829134354e-03
5.234851562500000277e-01 1.211074157303370757e+00 2.402378820809509818e+01
2.735101562499999694e-01 1.223558426966292245e+00 3.426484320787522186e+00
7.734601562499999750e-01 1.236042696629213511e+00 7.748938526308883468e+01
1.485226562499999958e-01 1.248526966292134777e+00 5.486640428334601527e-01
6.484726562499999458e-01 1.261011235955056264e+00 4.566709443519466305e+01
3.984976562499999986e-01 1.273495505617977530e+00 1.059755527291705590e+01
8.984476562500000041e-01 1.285979775280899018e+00 1.214525720006506475e+02
8.602890625000000902e-02 1.298464044943820284e+00 1.066256226494055742e-01
5.859789062500000423e-01 1.310948314606741771e+00 3.369568770335013141e+01
3.360039062499999840e-01 1.323432584269662815e+00 6.352744005775790903e+00
8.359539062499999895e-01 1.335916853932584303e+00 9.783074718635671729e+01
2.110164062499999826e-01 1.348401123595505569e+00 1.573537304343122667e+00
7.109664062499999604e-01 1.360885393258427056e+00 6.018324731723785703e+01
4.609914062500000131e-01 1.373369662921348322e+00 1.640615703582044560e+01
9.609414062500000187e-01 1.385853932584269810e+00 1.486000986195797111e+02
5.478203125000000173e-02 1.398338202247191076e+00 2.753231755162815347e-02
5.547320312500000350e-01 1.410822471910112563e+00 2.858762698324950335e+01
3.047570312499999767e-01 1.423306741573033829e+00 4.740122647613102203e+00
8.047070312499999822e-01 1.435791011235954873e+00 8.726533579544509678e+01
1.797695312500000031e-01 1.448275280898876360e+00 9.729188863220200600e-01
6.797195312499999531e-01 1.460759550561797626e+00 5.259175017534087004e+01
4.297445312500000059e-01 1.473243820224719114e+00 1.329105491029791430e+01
9.296945312500000114e-01 1.485728089887640602e+00 1.345702951524351931e+02
1.172757812500000024e-01 1.498212359550561867e+00 2.701179096763025034e-01
6.172257812500000496e-01 1.510696629213483355e+00 3.937862523259815362e+01
3.672507812499999913e-01 1.523180898876404621e+00 8.295003259476727564e+00
8.672007812499999968e-01 1.535665168539326109e+00 1.092162743000248497e+02
2.422632812499999899e-01 1.548149438202247152e+00 2.381174161097909803e+00
7.422132812499999677e-01 1.560633707865168418e+00 6.847224072508680592e+01
4.922382812500000204e-01 1.573117977528089906e+00 1.997351651368579439e+01
9.921882812500000259e-01 1.585602247191011172e+00 1.635726372662853123e+02
4.005859375000000305e-03 1.598086516853932659e+00 1.076503569449583905e-05
5.039558593749999815e-01 1.610570786516853925e+00 2.143413062221785736e+01
2.539808593749999788e-01 1.623055056179775413e+00 2.743666629298660897e+00
7.539308593750000398e-01 1.635539325842696678e+00 7.176669321477760377e+01
1.289933593749999774e-01 1.648023595505618166e+00 3.594433355216679615e-01
6.289433593750000107e-01 1.660507865168539210e+00 4.166419393910614133e+01
3.789683593750000079e-01 1.672992134831460698e+00 9.114591955239713883e+00
8.789183593749999579e-01 1.685476404494381963e+00 1.137035397581052365e+02
6.649960937500000446e-02 1.697960674157303451e+00 4.924766667186873670e-02
5.664496093749999961e-01 1.710444943820224717e+00 3.043772724261866358e+01
3.164746093749999933e-01 1.722929213483146205e+00 5.308172081444114454e+00
8.164246093749999433e-01 1.735413483146067470e+00 9.113320362117978846e+01
1.914871093749999920e-01 1.747897752808988958e+00 1.175836685194222575e+00
6.914371093750000252e-01 1.760382022471910224e+00 5.535876962528940481e+01
4.414621093749999670e-01 1.772866292134831490e+00 1.440816516429458183e+01
9.414121093749999725e-01 1.785350561797752755e+00 1.397229405391629484e+02
3.525273437500000412e-02 1.797834831460674243e+00 7.336802052649056029e-03
5.352027343749999888e-01 1.810319101123595509e+00 2.567339760500799528e+01
2.852277343749999861e-01 1.822803370786516997e+00 3.886007484765690467e+00
7.851777343750000471e-01 1.835287640449438262e+00 8.106479763376388803e+01
1.602402343749999847e-01 1.847771910112359750e+00 6.890378681545302753e-01
6.601902343750000179e-01 1.860256179775281016e+00 4.818764072638523288e+01
4.102152343750000152e-01 1.872740449438202504e+00 1.156015696075917099e+01
9.101652343749999652e-01 1.885224719101123547e+00 1.262667796360170058e+02
9.774648437499999787e-02 1.897708988764044813e+00 1.563982230944946927e-01
5.976964843750000034e-01 1.910193258426966301e+00 3.575777439925099799e+01
3.477214843750000006e-01 1.922677528089887566e+00 7.040815283535075686e+00
8.476714843749999506e-01 1.935161797752809054e+00 1.020025660412265296e+02
2.227339843749999992e-01 1.947646067415730320e+00 1.850494650841886246e+00
7.226839843750000325e-01 1.960130337078651808e+00 6.320823550001981062e+01
4.727089843749999742e-01 1.972614606741573073e+00 1.768927143004709635e+01
9.726589843749999797e-01 1.985098876404494561e+00 1.541026773317443030e+02
1.962929687500000048e-02 1.997583146067415605e+00 1.266609106459961427e-03
5.195792968750000407e-01 2.010067415730337093e+00 2.349004721077293922e+01
2.696042968749999824e-01 2.022551685393258580e+00 3.281775018393322974e+00
7.695542968749999879e-01 2.035035955056180068e+00 7.632137365722958577e+01
1.446167968749999810e-01 2.047520224719101556e+00 5.065059952998167692e-01
6.445667968749999588e-01 2.060004494382022600e+00 4.484687299780510727e+01
3.945917968750000115e-01 2.072488764044944087e+00 1.028898498726001876e+01
8.945417968750000171e-01 2.084973033707865575e+00 1.198754604979194198e+02
8.212304687500000810e-02 2.097457303370787063e+00 9.275205439518462158e-02
5.820730468749999442e-01 2.109941573033708107e+00 3.302637020204453933e+01
3.320980468749999970e-01 2.122425842696629594e+00 6.133767927800457542e+00
8.320480468750000025e-01 2.134910112359550638e+00 9.646584934811177448e+01
2.071105468749999956e-01 2.147394382022472126e+00 1.487767345429486410e+00
7.070605468749999734e-01 2.159878651685393613e+00 5.919679451166374662e+01
4.570855468749999706e-01 2.172362921348315101e+00 1.599266511038113237e+01
9.570355468750000316e-01 2.184847191011236145e+00 1.467954460202616644e+02
5.087617187500000082e-02 2.197331460674157633e+00 2.205320189940442391e-02
5.508261718750000480e-01 2.209815730337079120e+00 2.798801366294820525e+01
3.008511718749999897e-01 2.222300000000000608e+00 4.560195886440907564e+00
8.008011718749999952e-01 2.234784269662921652e+00 8.600079700240557656e+01
1.758636718749999883e-01 2.247268539325842696e+00 9.108708121109513334e-01
6.758136718749999661e-01 2.259752808988764183e+00 5.169032898287159838e+01
4.258386718750000188e-01 2.272237078651685671e+00 1.293193973376231121e+01
9.257886718750000243e-01 2.284721348314607159e+00 1.328813290304231600e+02
1.133699218750000015e-01 2.297205617977528203e+00 2.440180307949417482e-01
6.133199218749999515e-01 2.309689887640449690e+00 3.863577169226313401e+01
3.633449218750000043e-01 2.322174157303371178e+00 8.033146006673113959e+00
8.632949218750000098e-01 2.334658426966292666e+00 1.077471855585493330e+02
2.383574218750000029e-01 2.347142696629213710e+00 2.267850459456563605e+00
7.383074218749999806e-01 2.359626966292135197e+00 6.739692444838269125e+01
4.883324218749999779e-01 2.372111235955056241e+00 1.950181598131762328e+01
9.882824218750000389e-01 2.384595505617977729e+00 1.616484663316360866e+02
1.181757812499999866e-02 2.397079775280899216e+00 2.763845882206908671e-04
5.117675781249999556e-01 2.409564044943820704e+00 2.244639918191196415e+01
2.617925781250000083e-01 2.422048314606741748e+00 3.004694805312851269e+00
7.617425781250000139e-01 2.434532584269663236e+00 7.402067998536988114e+01
1.368050781249999792e-01 2.447016853932584723e+00 4.287805049027432203e-01
6.367550781249999847e-01 2.459501123595505767e+00 4.323601187584705485e+01
3.867800781249999820e-01 2.471985393258427255e+00 9.689930594691578136e+00
8.867300781250000430e-01 2.484469662921348743e+00 1.167623148193534774e+02
7.431132812500000628e-02 2.496953932584269786e+00 6.872162903809882206e-02
5.742613281249999702e-01 2.509438202247191274e+00 3.171444305873560765e+01
3.242863281249999674e-01 2.521922471910112762e+00 5.711028057076570796e+00
8.242363281250000284e-01 2.534406741573034250e+00 9.377425710499953482e+01
1.992988281249999938e-01 2.546891011235955293e+00 1.325691925791283809e+00
6.992488281249999993e-01 2.559375280898876781e+00 5.725634454685543773e+01
4.492738281249999965e-01 2.571859550561798269e+00 1.518664133176700126e+01
9.492238281249999465e-01 2.584343820224719757e+00 1.432300920420408374e+02
4.306445312500000594e-02 2.596828089887640800e+00 1.337473498688454381e-02
5.430144531249999629e-01 2.609312359550562288e+00 2.681405793488838185e+01
2.930394531250000156e-01 2.621796629213483776e+00 4.214117702563872747e+00
7.929894531250000211e-01 2.634280898876404375e+00 8.350848590294472729e+01
1.680519531249999865e-01 2.646765168539325863e+00 7.948022151184559458e-01
6.680019531249999920e-01 2.659249438202247351e+00 4.991850529751355481e+01
4.180269531249999893e-01 2.671733707865168839e+00 1.223323250619616864e+01
9.179769531250000503e-01 2.684217977528089882e+00 1.295459110600549479e+02
1.055582031249999997e-01 2.696702247191011370e+00 1.969719309430046639e-01
6.055082031249999774e-01 2.709186516853932858e+00 3.717820941765479148e+01
3.555332031249999747e-01 2.721670786516854346e+00 7.526080733052094018e+00
8.554832031250000357e-01 2.734155056179775389e+00 1.048486484557354004e+02
2.305457031250000011e-01 2.746639325842696877e+00 2.052104501122368418e+00
7.304957031250000066e-01 2.759123595505618365e+00 6.528018448807382867e+01
4.805207031250000038e-01 2.771607865168539853e+00 1.858081193560522237e+01
9.804707031249999538e-01 2.784092134831460896e+00 1.578455126295124558e+02
2.744101562499999883e-02 2.796576404494382384e+00 3.460420843555137710e-03
5.273910156250000147e-01 2.809060674157303872e+00 2.456555369105389985e+01
2.774160156250000120e-01 2.821544943820225360e+00 3.575386250793223475e+00
7.773660156249999620e-01 2.834029213483146403e+00 7.866925321260985982e+01
1.524285156249999829e-01 2.846513483146067891e+00 5.930987889660315204e-01
6.523785156250000439e-01 2.858997752808988935e+00 4.649725628723346915e+01
4.024035156249999856e-01 2.871482022471909978e+00 1.091223411519816366e+01
9.023535156249999911e-01 2.883966292134831466e+00 1.230434557760562058e+02
8.993476562500000993e-02 2.896450561797752954e+00 1.218179249962690058e-01
5.898847656250000293e-01 2.908934831460674442e+00 3.437398765479863982e+01
3.399097656249999710e-01 2.921419101123595485e+00 6.576870675868908833e+00
8.398597656249999766e-01 2.933903370786516973e+00 9.920845933276973483e+01
2.149222656249999974e-01 2.946387640449438461e+00 1.662541926361972955e+00
7.148722656249999474e-01 2.958871910112359949e+00 6.118059850196748073e+01
4.648972656250000002e-01 2.971356179775281436e+00 1.682671548239011727e+01
9.648472656250000057e-01 2.983840449438202480e+00 1.504194814560783868e+02
5.868789062500000264e-02 2.996324719101123968e+00 3.385118504335154349e-02
5.586378906250000220e-01 3.008808988764045456e+00 2.919574377144057564e+01
3.086628906250000193e-01 3.021293258426966943e+00 4.924721018649941939e+00
8.086128906249999693e-01 3.033777528089887987e+00 8.854220991439953536e+01
1.836753906249999901e-01 3.046261797752809475e+00 1.037722641385159239e+00
6.836253906250000512e-01 3.058746067415730963e+00 5.350359076471250575e+01
4.336503906249999929e-01 3.071230337078652450e+00 1.365675762571073371e+01
9.336003906249999984e-01 3.083714606741573050e+00 1.362735125293747842e+02
1.211816406250000033e-01 3.096198876404494538e+00 2.980155049034486914e-01
6.211316406250000366e-01 3.108683146067416025e+00 4.013094020532922457e+01
3.711566406249999783e-01 3.121167415730337069e+00 8.562490086651269650e+00
8.711066406249999838e-01 3.133651685393258557e+00 1.106986563319215833e+02
2.461691406250000047e-01 3.146135955056180045e+00 2.498211508097613720e+00
7.461191406249999547e-01 3.158620224719101532e+00 6.955893436319956891e+01
4.961441406250000075e-01 3.171104494382022576e+00 2.045276254943745897e+01
9.960941406250000130e-01 3.183588764044944064e+00 1.655120174203682666e+02
2.052929687499999850e-03 3.196073033707865552e+00 1.448940665439502136e-06
5.020029296875000435e-01 3.208557303370787039e+00 2.118591039361886885e+01
2.520279296874999853e-01 3.221041573033708083e+00 2.680861585353930820e+00
7.519779296874999908e-01 3.233525842696629571e+00 7.121043834471976197e+01
1.270404296874999839e-01 3.246010112359551059e+00 3.433635876023589106e-01
6.269904296874999616e-01 3.258494382022472546e+00 4.127728382187829226e+01
3.770154296875000144e-01 3.270978651685393590e+00 8.974406751068420007e+00
8.769654296875000199e-01 3.283462921348315078e+00 1.129472852710162982e+02
6.454667968749999707e-02 3.295947191011236566e+00 4.503499268984222786e-02
5.644966796874999471e-01 3.308431460674158053e+00 3.012399392773037832e+01
3.145216796874999998e-01 3.320915730337078653e+00 5.210508815411245997e+00
8.144716796875000053e-01 3.333400000000000141e+00 9.048078080063157813e+01
1.895341796874999984e-01 3.345884269662921628e+00 1.140226147287345393e+00
6.894841796874999762e-01 3.358368539325842672e+00 5.489101898967170712e+01
4.395091796874999734e-01 3.370852808988764160e+00 1.421779430593457860e+01
9.394591796875000345e-01 3.383337078651685648e+00 1.388551906694830507e+02
3.329980468750000366e-02 3.395821348314607135e+00 6.183771520406946068e-03
5.332498046874999398e-01 3.408305617977528179e+00 2.539337879777064089e+01
2.832748046874999925e-01 3.420789887640449667e+00 3.806731294283176581e+00
7.832248046874999980e-01 3.433274157303371155e+00 8.046141675296711071e+01
1.582873046874999912e-01 3.445758426966292642e+00 6.641506897477229554e-01
6.582373046874999689e-01 3.458242696629213686e+00 4.776126831446873666e+01
4.082623046874999662e-01 3.470726966292135174e+00 1.139583689399980315e+01
9.082123046875000272e-01 3.483211235955056662e+00 1.254557354221388437e+02
9.579355468750000435e-02 3.495695505617978149e+00 1.472099766501125395e-01
5.957435546874999543e-01 3.508179775280899193e+00 3.540841064769921331e+01
3.457685546875000071e-01 3.520664044943820681e+00 6.922849012939279234e+00
8.457185546875000126e-01 3.533148314606742169e+00 1.012991853519142609e+02
2.207810546874999780e-01 3.545632584269663212e+00 1.802244824422367664e+00
7.207310546874999835e-01 3.558116853932584256e+00 6.269719071168833580e+01
4.707560546874999807e-01 3.570601123595505744e+00 1.747093385107388386e+01
9.707060546875000417e-01 3.583085393258427231e+00 1.531763058772500301e+02
1.767636718750000002e-02 3.595569662921348719e+00 9.249269193957943740e-04
5.176263671874999917e-01 3.608053932584269763e+00 2.322616718398133173e+01
2.676513671874999889e-01 3.620538202247191251e+00 3.210973892306272504e+00
7.676013671875000499e-01 3.633022471910112738e+00 7.574179527292889702e+01
1.426638671874999875e-01 3.645506741573034226e+00 4.862620232633298456e-01
6.426138671875000208e-01 3.657991011235955270e+00 4.444047122435952701e+01
3.926388671875000180e-01 3.670475280898876758e+00 1.013697184292126252e+01
8.925888671874999680e-01 3.682959550561798245e+00 1.190920506385624122e+02
8.017011718750000071e-02 3.695443820224719733e+00 8.629108530855168768e-02
5.801201171875000062e-01 3.707928089887640777e+00 3.269506115995110207e+01
3.301451171875000035e-01 3.720412359550562265e+00 6.026192650612697044e+00
8.300951171874999535e-01 3.732896629213483752e+00 9.578818708430803497e+01
2.051576171875000021e-01 3.745380898876405240e+00 1.446076654392860483e+00
7.051076171875000353e-01 3.757865168539326284e+00 5.870763629081574919e+01
4.551326171874999771e-01 3.770349438202247327e+00 1.578855038284109646e+01
9.550826171874999826e-01 3.782833707865168815e+00 1.458986248493010862e+02
4.892324218750000037e-02 3.795317977528089859e+00 1.960984076884154242e-02
5.488732421874999989e-01 3.807802247191011347e+00 2.769137709301195471e+01
2.988982421874999962e-01 3.820286516853932834e+00 4.471965649309787239e+00
7.988482421874999462e-01 3.832770786516854322e+00 8.537313464285962539e+01
1.739107421874999948e-01 3.845255056179775366e+00 8.808614450806804275e-01
6.738607421875000281e-01 3.857739325842696854e+00 5.124350695023109381e+01
4.238857421874999698e-01 3.870223595505618341e+00 1.275483376232919497e+01
9.238357421874999753e-01 3.882707865168539829e+00 1.320421714797706159e+02
1.114169921875000080e-01 3.895192134831460873e+00 2.316235247396674635e-01
6.113669921875000135e-01 3.907676404494382361e+00 3.826787424899991663e+01
3.613919921875000107e-01 3.920160674157303848e+00 7.904309760416140307e+00
8.613419921874999607e-01 3.932644943820225336e+00 1.070176074614752793e+02
2.364044921874999816e-01 3.945129213483146380e+00 2.212562515401010010e+00
7.363544921875000426e-01 3.957613483146067868e+00 6.686351411031462533e+01
4.863794921874999844e-01 3.970097752808989355e+00 1.926877656865809030e+01
9.863294921874999899e-01 3.982582022471910843e+00 1.606920656113549057e+02
9.864648437499999936e-03 3.995066292134831443e+00 1.607582288169332504e-04
5.098146484375000176e-01 4.007550561797752486e+00 2.219040892699831247e+01
2.598396484375000148e-01 4.020034831460673530e+00 2.937951593078603096e+00
7.597896484374999648e-01 4.032519101123595462e+00 7.345282323097222843e+01
1.348521484374999857e-01 4.045003370786516506e+00 4.106785177064879999e-01
6.348021484375000467e-01 4.057487640449437549e+00 4.283941580329199184e+01
3.848271484374999885e-01 4.069971910112359481e+00 9.543891293218198513e+00
8.847771484374999940e-01 4.082456179775280525e+00 1.159925425189121455e+02
7.235839843749999889e-02 4.094940449438202457e+00 6.344468028541194737e-02
5.723083984375000322e-01 4.107424719101123500e+00 3.139198175302639626e+01
3.223333984374999739e-01 4.119908988764044544e+00 5.608468658247899974e+00
8.222833984374999794e-01 4.132393258426966476e+00 9.310927443560517247e+01
1.973458984375000003e-01 4.144877528089887520e+00 1.287101184101175244e+00
6.972958984374999503e-01 4.157361797752809451e+00 5.677794999140421339e+01
4.473208984375000030e-01 4.169846067415730495e+00 1.498945841159862624e+01
9.472708984375000085e-01 4.182330337078651539e+00 1.423478663945022902e+02
4.111152343750000548e-02 4.194814606741573471e+00 1.163641193712490127e-02
5.410615234375000249e-01 4.207298876404494514e+00 2.652579011908323281e+01
2.910865234374999666e-01 4.219783146067415558e+00 4.130424361538696409e+00
7.910365234374999721e-01 4.232267415730336602e+00 8.289302415555501113e+01
1.660990234374999930e-01 4.244751685393258533e+00 7.674138151815595998e-01
6.660490234374999430e-01 4.257235955056179577e+00 4.948196794801668830e+01
4.160740234374999957e-01 4.269720224719100621e+00 1.206257935988157293e+01
9.160240234375000012e-01 4.282204494382022553e+00 1.287208700505712500e+02
1.036052734375000062e-01 4.294688764044943596e+00 1.862404274748193367e-01
6.035552734375000394e-01 4.307173033707864640e+00 3.681963869302893499e+01
3.535802734374999812e-01 4.319657303370786572e+00 7.402739347407353065e+00
8.535302734374999867e-01 4.332141573033707616e+00 1.041322289353238233e+02
2.285927734374999798e-01 4.344625842696629547e+00 2.000395488666475430e+00
7.285427734374999575e-01 4.357110112359550591e+00 6.475801679765567087e+01
4.785677734375000103e-01 4.369594382022471635e+00 1.835518331257048885e+01
9.785177734375000158e-01 4.382078651685393567e+00 1.569041864149063770e+02
2.548808593749999837e-02 4.394562921348314610e+00 2.772937265544853525e-03
5.254380859374999657e-01 4.407047191011235654e+00 2.429366414682105813e+01
2.754630859375000185e-01 4.419531460674157586e+00 3.500407465290083397e+00
7.754130859375000240e-01 4.432015730337078629e+00 7.807783345284281040e+01
1.504755859374999893e-01 4.444500000000000561e+00 5.705930865260271379e-01
6.504255859374999948e-01 4.456984269662920717e+00 4.608092906733406124e+01
4.004505859374999921e-01 4.469468539325842649e+00 1.075412738243074884e+01
9.004005859375000531e-01 4.481952808988763692e+00 1.222462886122202974e+02
8.798183593750000253e-02 4.494437078651684736e+00 1.140531900124042569e-01
5.879318359374999803e-01 4.506921348314606668e+00 3.403371113075765919e+01
3.379568359374999775e-01 4.519405617977527712e+00 6.464159774758774013e+00
8.379068359375000385e-01 4.531889887640449643e+00 9.851799772899337881e+01
2.129693359375000039e-01 4.544374157303370687e+00 1.617631540415543467e+00
7.129193359375000094e-01 4.556858426966291731e+00 6.068055687015939270e+01
4.629443359375000067e-01 4.569342696629213663e+00 1.661554920191513673e+01
9.628943359374999567e-01 4.581826966292134706e+00 1.495079450161325951e+02
5.673496093750000219e-02 4.594311235955055750e+00 3.058304026869971409e-02
5.566849609374999730e-01 4.606795505617977682e+00 2.889061870180995584e+01
3.067099609374999702e-01 4.619279775280898725e+00 4.831834139849588539e+00
8.066599609375000313e-01 4.631764044943820657e+00 8.790222719713412403e+01
1.817224609374999966e-01 4.644248314606741701e+00 1.004972561698228128e+00
6.816724609375000021e-01 4.656732584269662745e+00 5.304636430336503139e+01
4.316974609374999994e-01 4.669216853932584677e+00 1.347307908359582029e+01
9.316474609374999494e-01 4.681701123595504832e+00 1.354201186919901545e+02
1.192287109375000098e-01 4.694185393258426764e+00 2.838382506977997766e-01
6.191787109374999876e-01 4.706669662921347808e+00 3.975359629786531457e+01
3.692037109374999848e-01 4.719153932584269739e+00 8.428039234218779541e+00
8.691537109375000458e-01 4.731638202247190783e+00 1.099557999126217283e+02
2.442162109374999834e-01 4.744122471910111827e+00 2.439224886879114429e+00
7.441662109375000167e-01 4.756606741573033759e+00 6.901416163191825603e+01
4.941912109375000139e-01 4.769091011235954802e+00 2.021219260158983744e+01
9.941412109374999639e-01 4.781575280898876734e+00 1.645404224488486591e+02
5.958789062499999893e-03 4.794059550561797778e+00 3.543255025919240722e-05
5.059087890625000306e-01 4.806543820224718822e+00 2.168428213124896686e+01
2.559337890624999723e-01 4.819028089887640753e+00 2.807444989169212590e+00
7.558837890624999778e-01 4.831512359550561797e+00 7.232583732977379043e+01
1.309462890624999987e-01 4.843996629213482841e+00 3.760174171136558829e-01
6.308962890624999487e-01 4.856480898876404773e+00 4.205351431901921444e+01
3.809212890625000014e-01 4.868965168539325816e+00 9.256229457589970622e+00
8.808712890625000069e-01 4.881449438202247748e+00 1.144631624723857186e+02
6.845253906249999798e-02 4.893933707865168792e+00 5.371518320000226443e-02
5.684025390625000451e-01 4.906417977528089835e+00 3.075363132906562669e+01
3.184275390624999869e-01 4.918902247191010879e+00 5.407048154529375594e+00
8.183775390624999924e-01 4.931386516853931923e+00 9.178875517779303550e+01
1.934400390624999855e-01 4.943870786516853855e+00 1.212181047900349640e+00
6.933900390624999632e-01 4.956355056179774898e+00 5.582917001471891183e+01
4.434150390625000160e-01 4.968839325842696830e+00 1.460022781196012254e+01
9.433650390625000215e-01 4.981323595505617874e+00 1.405942981271610392e+02
3.720566406250000457e-02 4.993807865168538918e+00 8.624929567712514081e-03
5.371556640625000378e-01 5.006292134831460849e+00 2.595546743824074909e+01
2.871806640624999796e-01 5.018776404494381893e+00 3.966376736737311948e+00
7.871306640624999851e-01 5.031260674157302937e+00 8.167118750506230640e+01
1.621931640624999782e-01 5.043744943820224869e+00 7.145391257973019439e-01
6.621431640624999559e-01 5.056229213483145912e+00 4.861654314655023512e+01
4.121681640625000087e-01 5.068713483146067844e+00 1.172604907126078189e+01
9.121181640625000142e-01 5.081197752808988888e+00 1.270813118226499938e+02
9.969941406250000526e-02 5.093682022471909931e+00 1.659610576482696831e-01
5.996494140624999414e-01 5.106166292134831863e+00 3.610942866792472472e+01
3.496744140624999941e-01 5.118650561797752907e+00 7.160114106746549467e+00
8.496244140624999996e-01 5.131134831460673951e+00 1.027091952121671312e+02
2.246869140624999928e-01 5.143619101123595883e+00 1.899598047623939578e+00
7.246369140624999705e-01 5.156103370786516926e+00 6.372204978772636963e+01
4.746619140624999678e-01 5.168587640449438858e+00 1.790942054388913363e+01
9.746119140625000288e-01 5.181071910112359902e+00 1.550327762501200368e+02
2.158222656250000093e-02 5.193556179775280945e+00 1.683515494702622845e-03
5.215322265624999787e-01 5.206040449438202877e+00 2.375591839077828382e+01
2.715572265624999759e-01 5.218524719101123921e+00 3.353609333187838271e+00
7.715072265625000369e-01 5.231008988764044965e+00 7.690390115925036696e+01
1.465697265625000023e-01 5.243493258426966896e+00 5.273041737906253301e-01
6.465197265625000078e-01 5.255977528089887052e+00 4.525574490671760230e+01
3.965447265625000051e-01 5.268461797752808096e+00 1.044251030255938240e+01
8.964947265624999551e-01 5.280946067415730028e+00 1.206622984572495625e+02
8.407597656250000162e-02 5.293430337078651071e+00 9.952773880956744534e-02
5.840259765624999932e-01 5.305914606741573003e+00 3.335990988847832739e+01
3.340509765624999905e-01 5.318398876404494047e+00 6.242615884822253491e+00
8.340009765625000515e-01 5.330883146067415090e+00 9.714670022076209932e+01
2.090634765624999891e-01 5.343367415730337022e+00 1.530251734047005652e+00
7.090134765625000224e-01 5.355851685393258066e+00 5.968866235910523699e+01
4.590384765625000196e-01 5.368335955056179110e+00 1.619853150000835029e+01
9.589884765624999696e-01 5.380820224719101041e+00 1.476959347823219559e+02
5.282910156250000128e-02 5.393304494382022085e+00 2.469153279443151230e-02
5.527791015624999860e-01 5.405788764044944017e+00 2.828676113166146777e+01
3.028041015624999832e-01 5.418273033707865061e+00 4.649579057842776919e+00
8.027541015625000442e-01 5.430757303370786104e+00 8.663152822523483110e+01
1.778166015624999818e-01 5.443241573033708036e+00 9.415541311588293549e-01
6.777666015625000151e-01 5.455725842696629080e+00 5.213974089654229971e+01
4.277916015625000123e-01 5.468210112359550124e+00 1.311067762171931506e+01
9.277416015624999623e-01 5.480694382022472055e+00 1.337240344266120644e+02
1.153228515625000089e-01 5.493178651685393099e+00 2.568469977412516925e-01
6.152728515625000005e-01 5.505662921348315031e+00 3.900601952542999129e+01
3.652978515624999978e-01 5.518147191011236075e+00 8.163374678327407707e+00
8.652478515624999478e-01 5.530631460674157118e+00 1.084800720100332825e+02
2.403103515624999964e-01 5.543115730337079050e+00 2.324051846656295162e+00
7.402603515625000297e-01 5.555600000000000094e+00 6.793316415860753921e+01
4.902853515624999714e-01 5.568084269662921137e+00 1.973672680162762205e+01
9.902353515624999769e-01 5.580568539325843069e+00 1.626086543885802769e+02
1.377050781249999911e-02 5.593052808988764113e+00 4.372987579815158505e-04
5.137205078125000046e-01 5.605537078651686045e+00 2.270435065364856086e+01
2.637455078125000019e-01 5.618021348314607089e+00 3.072441269863741997e+00
7.636955078124999519e-01 5.630505617977528132e+00 7.459145592109670986e+01
1.387580078125000005e-01 5.642989887640450064e+00 4.474067621624985835e-01
6.387080078125000338e-01 5.655474157303371108e+00 4.363504814747820859e+01
3.887330078124999755e-01 5.667958426966292151e+00 9.837452130734746447e+00
8.886830078124999810e-01 5.680442696629214083e+00 1.175354852833771417e+02
7.626425781249999980e-02 5.692926966292135127e+00 7.428335672771413378e-02
5.762142578125000192e-01 5.705411235955057059e+00 3.203910507239433514e+01
3.262392578125000164e-01 5.717895505617977214e+00 5.814830199348460127e+00
8.261892578124999664e-01 5.730379775280898258e+00 9.444239844684962293e+01
2.012517578124999873e-01 5.742864044943819302e+00 1.365046428671464085e+00
7.012017578125000483e-01 5.755348314606741233e+00 5.773741879250930964e+01
4.512267578124999901e-01 5.767832584269662277e+00 1.538554597763173604e+01
9.511767578124999956e-01 5.780316853932584209e+00 1.441159553442884089e+02
4.501738281250000639e-02 5.792801123595505253e+00 1.527809141028696298e-02
5.449673828125000119e-01 5.805285393258426296e+00 2.710440671307975791e+01
2.949923828125000091e-01 5.817769662921348228e+00 4.298934041468974954e+00
7.949423828124999591e-01 5.830253932584269272e+00 8.412698657722690143e+01
1.700048828124999800e-01 5.842738202247190316e+00 8.228346306821379130e-01
6.699548828125000410e-01 5.855222471910112247e+00 5.035760259164977981e+01
4.199798828124999828e-01 5.867706741573033291e+00 1.240548763264383147e+01
9.199298828124999883e-01 5.880191011235955223e+00 1.303744699786842602e+02
1.075111328125000071e-01 5.892675280898876267e+00 2.081079589114043227e-01
6.074611328125000265e-01 5.905159550561797310e+00 3.753910059579343539e+01
3.574861328124999682e-01 5.917643820224719242e+00 7.650784607703334572e+00
8.574361328124999737e-01 5.930128089887640286e+00 1.055683463941659710e+02
2.324986328124999946e-01 5.942612359550562218e+00 2.104697020331618429e+00
7.324486328124999446e-01 5.955096629213483261e+00 6.580515161425786630e+01
4.824736328124999973e-01 5.967580898876404305e+00 1.880828202989959408e+01
9.824236328125000028e-01 5.980065168539326237e+00 1.587905962443907981e+02
2.939394531249999928e-02 5.992549438202247281e+00 4.253065013565342743e-03
5.293439453124999527e-01 6.005033707865168324e+00 2.483946432489129563e+01
2.793689453125000055e-01 6.017517977528090256e+00 3.651428161394648875e+00
7.793189453125000110e-01 6.030002247191011300e+00 7.926365202648784702e+01
1.543814453125000041e-01 6.042486516853933232e+00 6.161886342511789794e-01
6.543314453124999819e-01 6.054970786516854275e+00 4.691608357899055193e+01
4.043564453124999791e-01 6.067455056179775319e+00 1.107188295531700817e+01
9.043064453125000401e-01 6.079939325842697251e+00 1.238440809762561656e+02
9.188769531250000344e-02 6.092423595505618295e+00 1.299273116987050003e-01
5.918376953124999673e-01 6.104907865168539338e+00 3.471652475957073847e+01
3.418626953125000201e-01 6.117392134831461270e+00 6.690884193203903152e+00
8.418126953125000256e-01 6.129876404494382314e+00 9.990213948178354997e+01
2.168751953124999909e-01 6.142360674157304246e+00 1.708275946280116253e+00
7.168251953124999964e-01 6.154844943820225289e+00 6.168337969675988575e+01
4.668501953124999937e-01 6.167329213483145445e+00 1.703966336134309856e+01
9.668001953125000547e-01 6.179813483146066488e+00 1.513347154235147798e+02
6.064082031250000310e-02 6.192297752808988420e+00 3.734423597328900141e-02
5.605908203124999600e-01 6.204782022471909464e+00 2.950300967623904214e+01
3.106158203125000128e-01 6.217266292134831396e+00 5.018790768111865752e+00
8.105658203125000183e-01 6.229750561797752439e+00 8.918529143133913806e+01
1.856283203124999837e-01 6.242234831460673483e+00 1.071176609480519071e+00
6.855783203124999892e-01 6.254719101123595415e+00 5.396343704348096537e+01
4.356033203124999864e-01 6.267203370786516459e+00 1.384209802074036055e+01
9.355533203125000474e-01 6.279687640449437502e+00 1.371304841486866621e+02
1.231345703125000107e-01 6.292171910112359434e+00 3.126571563909545937e-01
6.230845703124999746e-01 6.304656179775280478e+00 4.051066443908752746e+01
3.731095703124999718e-01 6.317140449438202410e+00 8.698363300871902126e+00
8.730595703125000329e-01 6.329624719101123453e+00 1.114448510420221794e+02
2.481220703124999982e-01 6.342108988764044497e+00 2.558141508851111912e+00
7.480720703125000037e-01 6.354593258426966429e+00 7.010656640302845233e+01
4.980970703125000010e-01 6.367077528089887473e+00 2.069523384132637034e+01
9.980470703124999510e-01 6.379561797752808516e+00 1.664874296649416294e+02
1.076464843750000056e-03 6.392046067415730448e+00 2.088949438524435262e-07
5.010264648437500190e-01 6.404530337078651492e+00 2.106252217070086985e+01
2.510514648437500163e-01 6.417014606741573424e+00 2.649821718073216203e+00
7.510014648437499662e-01 6.429498876404494467e+00 7.093339203776220359e+01
1.260639648437499871e-01 6.441983146067415511e+00 3.355067499894258121e-01
6.260139648437500481e-01 6.454467415730337443e+00 4.108473027299081792e+01
3.760389648437499899e-01 6.466951685393258487e+00 8.904856422019351569e+00
8.759889648437499954e-01 6.479435955056180418e+00 1.125704187738880933e+02
6.357021484375000031e-02 6.491920224719101462e+00 4.302188287308621184e-02
5.635202148437500336e-01 6.504404494382022506e+00 2.996793897084023328e+01
3.135452148437499753e-01 6.516888764044944438e+00 5.162129646258924787e+00
8.134952148437499808e-01 6.529373033707865481e+00 9.015574032760125078e+01
1.885577148437500017e-01 6.541857303370786525e+00 1.122693723853092740e+00
6.885077148437499517e-01 6.554341573033708457e+00 5.465813499076175219e+01
4.385327148437500044e-01 6.566825842696629500e+00 1.412324095896362408e+01
9.384827148437500099e-01 6.579310112359551432e+00 1.384226662902318026e+02
3.232333984374999997e-02 6.591794382022472476e+00 5.655578842310971487e-03
5.322733398437500263e-01 6.604278651685393520e+00 2.525413619011971633e+01
2.822983398437499680e-01 6.616762921348315452e+00 3.767500758319800802e+00
7.822483398437499735e-01 6.629247191011235607e+00 8.016085234522631708e+01
1.573108398437499944e-01 6.641731460674156651e+00 6.519350414772726587e-01
6.572608398437499444e-01 6.654215730337078583e+00 4.754902852282315706e+01
4.072858398437499972e-01 6.666699999999999626e+00 1.131426403824293558e+01
9.072358398437500027e-01 6.679184269662920670e+00 1.250515189662022806e+02
9.481708984375000759e-02 6.691668539325842602e+00 1.427539851884108146e-01
5.947670898437500409e-01 6.704152808988763645e+00 3.523458537706355287e+01
3.447920898437499826e-01 6.716637078651684689e+00 6.864363246091727433e+00
8.447420898437499881e-01 6.729121348314606621e+00 1.009487108490881297e+02
2.198045898437499812e-01 6.741605617977527665e+00 1.778437661318026386e+00
7.197545898437499590e-01 6.754089887640449597e+00 6.244270454100771417e+01
4.697795898437500117e-01 6.766574157303370640e+00 1.736244204838255456e+01
9.697295898437500172e-01 6.779058426966291684e+00 1.527145156101778412e+02
1.669990234374999979e-02 6.791542696629213616e+00 7.799561207727221702e-04
5.166499023437499671e-01 6.804026966292134659e+00 2.309497151426015193e+01
2.666749023437499644e-01 6.816511235955055703e+00 3.175958436247511507e+00
7.666249023437500254e-01 6.828995505617977635e+00 7.545310966114300300e+01
1.416874023437499908e-01 6.841479775280898679e+00 4.763455258849239593e-01
6.416374023437499963e-01 6.853964044943820610e+00 4.423819429965627847e+01
3.916624023437499935e-01 6.866448314606741654e+00 1.006152999608157650e+01
8.916124023437499435e-01 6.878932584269662698e+00 1.187016289075933173e+02
7.919365234375000395e-02 6.891416853932584630e+00 8.317628023260852099e-02
5.791436523437499817e-01 6.903901123595505673e+00 3.253024079175145999e+01
3.291686523437499790e-01 6.916385393258426717e+00 5.972879928176044295e+00
8.291186523437500400e-01 6.928869662921348649e+00 9.545054934194315877e+01
2.041811523437499776e-01 6.941353932584269693e+00 1.425526606686848385e+00
7.041311523437500108e-01 6.953838202247191624e+00 5.846407095158375000e+01
4.541561523437500081e-01 6.966322471910112668e+00 1.568714755357323831e+01
9.541061523437499581e-01 6.978806741573033712e+00 1.454515872717026639e+02
4.794677734375000361e-02 6.991291011235955644e+00 1.845893508470125566e-02
5.478967773437499744e-01 7.003775280898876687e+00 2.754384805630468236e+01
2.979217773437499717e-01 7.016259550561797731e+00 4.428280542315223833e+00
7.978717773437500327e-01 7.028743820224719663e+00 8.506045194803739662e+01
1.729342773437499980e-01 7.041228089887640706e+00 8.661071547916147084e-01
6.728842773437500036e-01 7.053712359550562638e+00 5.102106480051661919e+01
4.229092773437500008e-01 7.066196629213483682e+00 1.266689040652857123e+01
9.228592773437499508e-01 7.078680898876403838e+00 1.316239208077400349e+02
1.104405273437499974e-01 7.091165168539325769e+00 2.255868557656356965e-01
6.103905273437499890e-01 7.103649438202246813e+00 3.808480458480160991e+01
3.604155273437499862e-01 7.116133707865167857e+00 7.840411458031115721e+00
8.603655273437500473e-01 7.128617977528089789e+00 1.066540567070614429e+02
2.354280273437499849e-01 7.141102247191010832e+00 2.185258745771767597e+00
7.353780273437500181e-01 7.153586516853931876e+00 6.659786761705883862e+01
4.854030273437500154e-01 7.166070786516853808e+00 1.915295630141671879e+01
9.853530273437499654e-01 7.178555056179774851e+00 1.602152831636823862e+02
8.888183593749999709e-03 7.191039325842696783e+00 1.175891974660305895e-04
5.088381835937499931e-01 7.203523595505617827e+00 2.206314691706954889e+01
2.588631835937499903e-01 7.216007865168538871e+00 2.904953867799686673e+00
7.588131835937500513e-01 7.228492134831460803e+00 7.316998720799136890e+01
1.338756835937499889e-01 7.240976404494381846e+00 4.018217866016399742e-01
6.338256835937500222e-01 7.253460674157302890e+00 4.264203050288744379e+01
3.838506835937500195e-01 7.265944943820224822e+00 9.471425141664644443e+00
8.838006835937499694e-01 7.278429213483145865e+00 1.156089283412543267e+02
7.138193359375000213e-02 7.290913483146067797e+00 6.091065922988378456e-02
5.713319335937500076e-01 7.303397752808988841e+00 3.123157402687230544e+01
3.213569335937500049e-01 7.315882022471909885e+00 5.557652648844236154e+00
8.213069335937499549e-01 7.328366292134831816e+00 9.277796526429835922e+01
1.963694335937500035e-01 7.340850561797752860e+00 1.268089884921864696e+00
6.963194335937500368e-01 7.353334831460673904e+00 5.653975525872408525e+01
4.463444335937499785e-01 7.365819101123595836e+00 1.489151025987003507e+01
9.462944335937499840e-01 7.378303370786516879e+00 1.419081153524682861e+02
4.013505859375000179e-02 7.390787640449438811e+00 1.082679914682819176e-02
5.400850585937500004e-01 7.403271910112359855e+00 2.638243423329495130e+01
2.901100585937499976e-01 7.415756179775280899e+00 4.088996476450549977e+00
7.900600585937499476e-01 7.428240449438202830e+00 8.258643054066429556e+01
1.651225585937499962e-01 7.440724719101123874e+00 7.539587822926231420e-01
6.650725585937500295e-01 7.453208988764044918e+00 4.926465691372749944e+01
4.150975585937499712e-01 7.465693258426966850e+00 1.197785119049364333e+01
9.150475585937499767e-01 7.478177528089887893e+00 1.283096664229784665e+02
1.026288085937500094e-01 7.490661797752809825e+00 1.810240336477740575e-01
6.025788085937500149e-01 7.503146067415730869e+00 3.664122116200276480e+01
3.526038085937500122e-01 7.515630337078651912e+00 7.341577249181888476e+00
8.525538085937499622e-01 7.528114606741573844e+00 1.037752462430946565e+02
2.276163085937499830e-01 7.540598876404494000e+00 1.974869958690505189e+00
7.275663085937500441e-01 7.553083146067415043e+00 6.449798040207831207e+01
4.775913085937499858e-01 7.565567415730336975e+00 1.824305721399495539e+01
9.775413085937499913e-01 7.578051685393258019e+00 1.564349299939248681e+02
2.451162109374999815e-02 7.590535955056179063e+00 2.466291918006758080e-03
5.244616210937499412e-01 7.603020224719100995e+00 2.415847494452582112e+01
2.744866210937499940e-01 7.615504494382022038e+00 3.463314405669837281e+00
7.744366210937499995e-01 7.627988764044943082e+00 7.778323837947027641e+01
1.494991210937499926e-01 7.640473033707865014e+00 5.595569500924205686e-01
6.494491210937499703e-01 7.652957303370786057e+00 4.587370064555047122e+01
3.994741210937499676e-01 7.665441573033707989e+00 1.067564996752328987e+01
8.994241210937500286e-01 7.677925842696629033e+00 1.218489994551582782e+02
8.700537109375000577e-02 7.690410112359550077e+00 1.102977281344032640e-01
5.869553710937499558e-01 7.702894382022472008e+00 3.386441824773081777e+01
3.369803710937500085e-01 7.715378651685393052e+00 6.408290466507496674e+00
8.369303710937500140e-01 7.727862921348314984e+00 9.817397154278869209e+01
2.119928710937499794e-01 7.740347191011236028e+00 1.595482871401188163e+00
7.119428710937499849e-01 7.752831460674157071e+00 6.043156105159390989e+01
4.619678710937499821e-01 7.765315730337079003e+00 1.651063182232635640e+01
9.619178710937500432e-01 7.777800000000000047e+00 1.490535610301881775e+02
5.575849609375000543e-02 7.790284269662921091e+00 2.903096890907298777e-02
5.557084960937499485e-01 7.802768539325843022e+00 2.873885664140205520e+01
3.057334960937500012e-01 7.815252808988764066e+00 4.785831938166968946e+00
8.056834960937500068e-01 7.827737078651685998e+00 8.758339554959867712e+01
1.807459960937499999e-01 7.840221348314607042e+00 9.888591412273901593e-01
6.806959960937499776e-01 7.852705617977528085e+00 5.281873116544365132e+01
4.307209960937499749e-01 7.865189887640450017e+00 1.338186066860084544e+01
9.306709960937500359e-01 7.877674157303371061e+00 1.349947611027401138e+02
1.182522460937499992e-01 7.890158426966292105e+00 2.769214337951386717e-01
6.182022460937499631e-01 7.902642696629214036e+00 3.956581462771323743e+01
3.682272460937500158e-01 7.915126966292135080e+00 8.361344854892557521e+00
8.681772460937500213e-01 7.927611235955057012e+00 1.095856212232415032e+02
2.432397460937499867e-01 7.940095505617978056e+00 2.410083004814956631e+00
7.431897460937499922e-01 7.952579775280899099e+00 6.874284516820242175e+01
4.932147460937499894e-01 7.965064044943821031e+00 2.009261829290097268e+01
9.931647460937500504e-01 7.977548314606742075e+00 1.640560541017036087e+02
4.982324218750000533e-03 7.990032584269662230e+00 2.071210942830430270e-05
5.049323242187500060e-01 8.002516853932583274e+00 2.155896449892329159e+01
2.549573242187500033e-01 8.015001123595505206e+00 2.775433676987103748e+00
7.549073242187499533e-01 8.027485393258427138e+00 7.204590364890228216e+01
1.299698242187500019e-01 8.039969662921347293e+00 3.676681168524706944e-01
6.299198242187500352e-01 8.052453932584269225e+00 4.185855237847091814e+01
3.799448242187499769e-01 8.064938202247191157e+00 9.185228701386364492e+00
8.798948242187499824e-01 8.077422471910111312e+00 1.140829296190904216e+02
6.747607421875000122e-02 8.089906741573033244e+00 5.144910186156553128e-02
5.674260742187500206e-01 8.102391011235955176e+00 3.059540747164120944e+01
3.174510742187500179e-01 8.114875280898875332e+00 5.357458049349091311e+00
8.174010742187499678e-01 8.127359550561797263e+00 9.146058783972219430e+01
1.924635742187499887e-01 8.139843820224719195e+00 1.193916670691273385e+00
6.924135742187500497e-01 8.152328089887641127e+00 5.559363813302157808e+01
4.424385742187499915e-01 8.164812359550561283e+00 1.450398454670805393e+01
9.423885742187499970e-01 8.177296629213483214e+00 1.401581679006161210e+02
3.622919921875000088e-02 8.189780898876405146e+00 7.963510931221528741e-03
5.361791992187500133e-01 8.202265168539325302e+00 2.581417567561884141e+01
2.862041992187500106e-01 8.214749438202247234e+00 3.926055010309257298e+00
7.861541992187499606e-01 8.227233707865169166e+00 8.136761597784425248e+01
1.612166992187499814e-01 8.239717977528089321e+00 7.017112693153140235e-01
6.611666992187500425e-01 8.252202247191011253e+00 4.840177521768055868e+01
4.111916992187499842e-01 8.264686516853933185e+00 1.164290604278608754e+01
9.111416992187499897e-01 8.277170786516853340e+00 1.266736092649830141e+02
9.872294921875000850e-02 8.289655056179775272e+00 1.611323491016015408e-01
5.986729492187500279e-01 8.302139325842697204e+00 3.593331475119151719e+01
3.486979492187499696e-01 8.314623595505619136e+00 7.100297658307744619e+00
8.486479492187499751e-01 8.327107865168539291e+00 1.023554740987371900e+02
2.237104492187499960e-01 8.339592134831461223e+00 1.874939185181489609e+00
7.236604492187499460e-01 8.352076404494383155e+00 6.346479598869508010e+01
4.736854492187499988e-01 8.364560674157303310e+00 1.779911907735341003e+01
9.736354492187500043e-01 8.377044943820225242e+00 1.545672603901908815e+02
2.060576171875000070e-02 8.389529213483147174e+00 1.465191519327395560e-03
5.205557617187499542e-01 8.402013483146067330e+00 2.362273343886777965e+01
2.705807617187500069e-01 8.414497752808989262e+00 3.317562559446041615e+00
7.705307617187500124e-01 8.426982022471911193e+00 7.661226830076887495e+01
1.455932617187499778e-01 8.439466292134831349e+00 5.168353409823241984e-01
6.455432617187499833e-01 8.451950561797751504e+00 4.505099971757188371e+01
3.955682617187499805e-01 8.464434831460673436e+00 1.036555815578351591e+01
8.955182617187500416e-01 8.476919101123595368e+00 1.202684504973317559e+02
8.309951171875000486e-02 8.489403370786517300e+00 9.610008943030071138e-02
5.830495117187499687e-01 8.501887640449437455e+00 3.319286074696278632e+01
3.330745117187499660e-01 8.514371910112359387e+00 6.188032353575992239e+00
8.330245117187500270e-01 8.526856179775281319e+00 9.680587574057500433e+01
2.080870117187499924e-01 8.539340449438201475e+00 1.508909859784527852e+00
7.080370117187499979e-01 8.551824719101123407e+00 5.944238926430419667e+01
4.580620117187499951e-01 8.564308988764045338e+00 1.609537887967773528e+01
9.580120117187499451e-01 8.576793258426965494e+00 1.472452314846481727e+02
5.185263671875000452e-02 8.589277528089887426e+00 2.334752837025335856e-02
5.518026367187499615e-01 8.601761797752809358e+00 2.813712306720159262e+01
3.018276367187500142e-01 8.614246067415729513e+00 4.604742887601893209e+00
8.017776367187500197e-01 8.626730337078651445e+00 8.631577853815366552e+01
1.768401367187499851e-01 8.639214606741573377e+00 9.261277598765830232e-01
6.767901367187499906e-01 8.651698876404493532e+00 5.191471073682207305e+01
4.268151367187499878e-01 8.664183146067415464e+00 1.302110422041921822e+01
9.267651367187500488e-01 8.676667415730337396e+00 1.333022377800694471e+02
1.143463867187499983e-01 8.689151685393259328e+00 2.503777389006106580e-01
6.142963867187499760e-01 8.701635955056179483e+00 3.882060134235251070e+01
3.643213867187499733e-01 8.714120224719101415e+00 8.098085821569487308e+00
8.642713867187500343e-01 8.726604494382023347e+00 1.081132147722339880e+02
2.393338867187499996e-01 8.739088764044943503e+00 2.295836504907300402e+00
7.392838867187500052e-01 8.751573033707865434e+00 6.766469016421942229e+01
4.893088867187500024e-01 8.764057303370787366e+00 1.961903699776021170e+01
9.892588867187499524e-01 8.776541573033707522e+00 1.621280864752691855e+02
1.279404296874999888e-02 8.789025842696629454e+00 3.507129406998851610e-04
5.127440429687499801e-01 8.801510112359551385e+00 2.257512929792128631e+01
2.627690429687499774e-01 8.813994382022471541e+00 3.038442163292608633e+00
7.627190429687500384e-01 8.826478651685393473e+00 7.430570258781105508e+01
1.377815429687500037e-01 8.838962921348315405e+00 4.380276320185769179e-01
6.377315429687500092e-01 8.851447191011237337e+00 4.343522451902201453e+01
3.877565429687500065e-01 8.863931460674157492e+00 9.763505615635835966e+00
8.877065429687499565e-01 8.876415730337079424e+00 1.171484748131614140e+02
7.528779296875000304e-02 8.888900000000001356e+00 7.146642775968384265e-02
5.752377929687499947e-01 8.901384269662921511e+00 3.187649850931518003e+01
3.252627929687499919e-01 8.913868539325841667e+00 5.762773317526007411e+00
8.252127929687500529e-01 8.926352808988763599e+00 9.410793247411150730e+01
2.002752929687499905e-01 8.938837078651685530e+00 1.345273239326508330e+00
7.002252929687500238e-01 8.951321348314605686e+00 5.749654624065092889e+01
4.502502929687500210e-01 8.963805617977527618e+00 1.528587797123122094e+01
9.502002929687499710e-01 8.976289887640449550e+00 1.436725685185699319e+02
4.404091796875000270e-02 8.988774157303369705e+00 1.430531627077381851e-02
5.439909179687499874e-01 9.001258426966291637e+00 2.695897173592968343e+01
2.940159179687499846e-01 9.013742696629213569e+00 4.256385029525325159e+00
7.939659179687500457e-01 9.026226966292135501e+00 8.381735590646816547e+01
1.690284179687499833e-01 9.038711235955055656e+00 8.087374531908422259e-01
6.689784179687500165e-01 9.051195505617977588e+00 5.013773348374564165e+01
4.190034179687500138e-01 9.063679775280899520e+00 1.231915935414726171e+01
9.189534179687499638e-01 9.076164044943819675e+00 1.299597503129702716e+02
1.065346679687500103e-01 9.088648314606741607e+00 2.024889116085711593e-01
6.064846679687500020e-01 9.101132584269663539e+00 3.735836448227890827e+01
3.565096679687499992e-01 9.113616853932583695e+00 7.588261891495796441e+00
8.564596679687499492e-01 9.126101123595505626e+00 1.052080871549421914e+02
2.315221679687499978e-01 9.138585393258427558e+00 2.078289854626717226e+00
7.314721679687500311e-01 9.151069662921347714e+00 6.554231765393900844e+01
4.814971679687499728e-01 9.163553932584269646e+00 1.869431633108884228e+01
9.814471679687499783e-01 9.176038202247191577e+00 1.583175842941614917e+02
2.841748046874999906e-02 9.188522471910111733e+00 3.843130098453665950e-03
5.283674804687500393e-01 9.201006741573033665e+00 2.470225590401592797e+01
2.783924804687499810e-01 9.213491011235955597e+00 3.613273847700542163e+00
7.783424804687499865e-01 9.225975280898877529e+00 7.896607977002889811e+01
1.534049804687499796e-01 9.238459550561797684e+00 6.045702259968557257e-01
6.533549804687499574e-01 9.250943820224719616e+00 4.670635695637367490e+01
4.033799804687500101e-01 9.263428089887641548e+00 1.099186530408255180e+01
9.033299804687500156e-01 9.275912359550561703e+00 1.234433356538545610e+02
9.091123046875000668e-02 9.288396629213483635e+00 1.258290691265590011e-01
5.908612304687499428e-01 9.300880898876405567e+00 3.454497316683718822e+01
3.408862304687499956e-01 9.313365168539325722e+00 6.633714139752192374e+00
8.408362304687500011e-01 9.325849438202247654e+00 9.955489662136585594e+01
2.158987304687499942e-01 9.338333707865169586e+00 1.685305514318473863e+00
7.158487304687499719e-01 9.350817977528089742e+00 6.143164618623453777e+01
4.658737304687499692e-01 9.363302247191009897e+00 1.693296625430074798e+01
9.658237304687500302e-01 9.375786516853931829e+00 1.508766357811041701e+02
5.966435546875000634e-02 9.388270786516853761e+00 3.556912948280298997e-02
5.596143554687500465e-01 9.400755056179775693e+00 2.934910865168773597e+01
3.096393554687499883e-01 9.413239325842695848e+00 4.971607566792099142e+00
8.095893554687499938e-01 9.425723595505617780e+00 8.886336285515395161e+01
1.846518554687499869e-01 9.438207865168539712e+00 1.054361171625678884e+00
6.846018554687499647e-01 9.450692134831459867e+00 5.373318595916299500e+01
4.346268554687500174e-01 9.463176404494381799e+00 1.374921962385510454e+01
9.345768554687500229e-01 9.475660674157303731e+00 1.367015506485336971e+02
1.221581054687500001e-01 9.488144943820223887e+00 3.052778132308628378e-01
6.221081054687499501e-01 9.500629213483145818e+00 4.032050431366545951e+01
3.721331054687500028e-01 9.513113483146067750e+00 8.630248430781962909e+00
8.720831054687500083e-01 9.525597752808987906e+00 1.110713359328656651e+02
2.471456054687500015e-01 9.538082022471909838e+00 2.528058118276381716e+00
7.470956054687499792e-01 9.550566292134831770e+00 6.983239250178945667e+01
4.971206054687499765e-01 9.563050561797753701e+00 2.057376005962064625e+01
9.970706054687500375e-01 9.575534831460673857e+00 1.659992459157671476e+02
3.029394531249999644e-03 9.588019101123595789e+00 4.655816844597434436e-06
5.029793945312499570e-01 9.600503370786517721e+00 2.130977956562044540e+01
2.530043945312500098e-01 9.612987640449437876e+00 2.712142910591675449e+00
7.529543945312500153e-01 9.625471910112359808e+00 7.148820509188747963e+01
1.280168945312499806e-01 9.637956179775281740e+00 3.513421376090352100e-01
6.279668945312499861e-01 9.650440449438201895e+00 4.147043806541266520e+01
3.779918945312499834e-01 9.662924719101123827e+00 9.044318283637799993e+00
8.779418945312500444e-01 9.675408988764045759e+00 1.133249919539179444e+02
6.552314453125000770e-02 9.687893258426965915e+00 4.710994211869869858e-02
5.654731445312499716e-01 9.700377528089887846e+00 3.028058970648579873e+01
3.154981445312499688e-01 9.712861797752809778e+00 5.259189315302235990e+00
8.154481445312500298e-01 9.725346067415729934e+00 9.080660158665368442e+01
1.905106445312499952e-01 9.737830337078651866e+00 1.157940155896984402e+00
6.904606445312500007e-01 9.750314606741573797e+00 5.512456355601018032e+01
4.404856445312499980e-01 9.762798876404495729e+00 1.431276872920749632e+01
9.404356445312499480e-01 9.775283146067415885e+00 1.392886151072893028e+02
3.427626953125000042e-02 9.787767415730337817e+00 6.743867419781915569e-03
5.342262695312499643e-01 9.800251685393259748e+00 2.553313229089600256e+01
2.842512695312500171e-01 9.812735955056179904e+00 3.846233224594403310e+00
7.842012695312500226e-01 9.825220224719100059e+00 8.076273153730889476e+01
1.592637695312499879e-01 9.837704494382021991e+00 6.765179868027376697e-01
6.592137695312499934e-01 9.850188764044943923e+00 4.797413873715201760e+01
4.092387695312499907e-01 9.862673033707864079e+00 1.147780088966781165e+01
9.091887695312500517e-01 9.875157303370786011e+00 1.258608220002397076e+02
9.677001953125000111e-02 9.887641573033707942e+00 1.517577441147360817e-01
5.967200195312499789e-01 9.900125842696628098e+00 3.558280667659096963e+01
3.467450195312499761e-01 9.912610112359550030e+00 6.981666046916323864e+00
8.466950195312500371e-01 9.925094382022471962e+00 1.016504701041229879e+02
2.217575195312500025e-01 9.937578651685393893e+00 1.826263509092916903e+00
7.217075195312500080e-01 9.950062921348314049e+00 6.295236738618829264e+01
4.717325195312500052e-01 9.962547191011235981e+00 1.757987666645799862e+01
9.716825195312499552e-01 9.975031460674157913e+00 1.536390261392680827e+02
1.865283203125000025e-02 9.987515730337078068e+00 1.086832743887150912e-03
